100
0
1 -0.021105812208917198 -0.027712518780611428 0.031484243491186135 0 0 0
1 -0.03245025303412283 0.002311799171545281 0.02098980790004162 0 0 0
1 -0.023077956182889867 -0.017618725464666668 0.0029668695471494746 0 0 0
1 0.015722752685943284 -0.024573308966439476 0.024542942434665885 0 0 0
1 -0.036524390205297484 0.02660531377840832 0.01831603908827579 0 0 0
1 -0.016225803889178443 -0.004569948024792662 0.005334950238626746 0 0 0
1 0.03308255663654016 0.024629925521208476 -0.009348671354751373 0 0 0
1 -0.003352889707107516 -0.009989906258170861 0.02280913191686729 0 0 0
1 0.005654842521856858 0.030615391215112288 0.0263255871606169 0 0 0
1 -0.02757578503923456 0.008125142842123158 0.012463257950981415 0 0 0
1 -0.023502968893095305 0.005095944386229954 -0.03938006373330714 0 0 0
1 0.006216767291415748 -0.029095921513466613 0.00324052941751528 0 0 0
1 -0.00043324472678654723 0.0038271413926330255 0.008618650995426568 0 0 0
1 -0.0007641614342823965 0.025826192679760954 0.01291558398295388 0 0 0
1 -0.00822964093434093 0.009504121793539235 0.008139021540261904 0 0 0
1 -0.00019292230657069675 0.0002323805435087064 -0.00010648773734343436 0 0 0
1 -0.020932042237478788 -0.033594084870245206 -0.026382481316890565 0 0 0
1 0.026281620626223304 0.0027323113170302474 0.02812110736375595 0 0 0
1 0.0052709195886519716 -0.009645508809112784 0.017920461287958562 0 0 0
1 -0.0012507527856055849 -0.0008689486848036537 -0.0018735728035362844 0 0 0
1 0.03410132406296889 -0.03715738741447411 -0.010424623929557182 0 0 0
1 -0.0031218361134993126 -0.04768661062891492 -0.01185053169090917 0 0 0
1 -0.035057577189434586 0.03582016962740267 -0.021717353450053913 0 0 0
1 0.014160217928682266 0.0028022735858300686 0.0038291445653318447 0 0 0
1 0.00011806540960184723 0.0018605895812384117 0.0009724684787057351 0 0 0
1 -0.01889513534896638 0.01315443045624503 -0.003670685688326845 0 0 0
1 0.008160456714303313 0.00047615570652628526 -0.0006506629951497908 0 0 0
1 0.023034037898324755 -0.0027852856683003952 -0.03810298212333064 0 0 0
1 0.010360001207586888 0.025686838312890696 0.029590173728381942 0 0 0
1 0.017350784203442843 0.007145461120424623 -0.006030174813120819 0 0 0
1 0.0012077038670635935 -0.001229417434966424 -0.001210366920619776 0 0 0
1 0.0015826306237721897 -0.0013687743504096712 -0.003982935045497774 0 0 0
1 0.001774599818273357 0.0020579362370269543 0.001667287526589781 0 0 0
1 0.0024113863528315445 -0.0073537965947663405 -0.001276857838258093 0 0 0
1 -0.0023156680384139217 -0.0005912318737546889 0.0017263591501853822 0 0 0
1 0.009687504544493117 0.007097885783918926 0.002111353387339629 0 0 0
1 0.00743350297056084 -0.008365065769121953 -0.009371342410908829 0 0 0
1 -0.016706281872020497 0.004109014477643285 0.0027719969370611445 0 0 0
1 -0.010646006846120716 -0.054140559716854456 -0.003440256390974694 0 0 0
1 -0.0009444945331035901 0.0038019826126341185 -0.01314114273990633 0 0 0
1 0.0001264062997054692 -0.00449539568323469 0.010837733855830053 0 0 0
1 -0.006590356138792578 -0.004335428674033997 -0.0016019341202150323 0 0 0
1 0.006476054888409642 -0.015395875508676224 -0.014656016467547441 0 0 0
1 -0.007568059518019672 0.004270181539038697 0.0015931144548905392 0 0 0
1 0.011747592660445847 0.02881186916618201 0.035916401099796456 0 0 0
1 -0.020117045164996798 0.003763469454893665 0.028795307370003444 0 0 0
1 -0.04707007754367564 -0.004298214844527197 0.02911017397869707 0 0 0
1 -0.002032257470087525 -3.153311416161785e-05 0.008421945391684007 0 0 0
1 -6.955024744369426e-05 0.00020330056917235132 0.004808489630983074 0 0 0
1 -0.008763158004485988 0.026319849512129928 -0.02428937039151216 0 0 0
1 -0.01171223752245461 0.00408268303112642 -0.0206404758032791 0 0 0
1 -0.0006578847159855247 -0.0025432740002471936 -0.010661534268772425 0 0 0
1 0.029239554194358294 -0.039720006766021256 -0.017704279462655157 0 0 0
1 -0.020733220775856324 0.04163285940504137 -0.01572176849870132 0 0 0
1 0.001064926325158078 0.02320314191300412 -0.009428465910879992 0 0 0
1 0.02914912926212433 0.029647335051990267 0.02662370190496012 0 0 0
1 -0.013182531837823943 -0.0024913755020581616 0.008476234738733227 0 0 0
1 0.03449239983342994 -0.024614324467113202 -0.014890151667628483 0 0 0
1 -0.01037708925647338 -0.028392211597855863 -0.008685675552712479 0 0 0
1 -0.002123458308190899 0.03299206156469678 0.042588238963811906 0 0 0
1 0.021664075204020156 -0.025079637833798355 0.035001304847517206 0 0 0
1 -0.01775666232366508 0.022090567033322475 -0.011810033911935545 0 0 0
1 -0.0077529173929975406 -0.0011127708697762596 -0.0055887593342542246 0 0 0
1 0.02154299297727598 -0.01989614602836039 -0.02438478583156527 0 0 0
1 0.004370964253001144 0.013167211619779925 -0.008812073323013947 0 0 0
1 0.019626380554618947 -0.007781053772089076 0.02878593118038617 0 0 0
1 0.001546164157645954 -0.001930881619124445 -0.0016447353841951202 0 0 0
1 -7.077104705667117e-05 0.0003775700859168102 0.0005637248692557772 0 0 0
1 -0.013018991212665235 -0.009565278474680994 0.019567799114777802 0 0 0
1 -0.0031740392588959446 0.002769144929929024 -0.0012076272431989137 0 0 0
1 0.02431059544847241 0.02426910523873395 -0.025512968534113712 0 0 0
1 -0.00025512106920585895 -0.027623335673757347 -0.01637283395552687 0 0 0
1 0.011407331497845317 0.004135347858289371 -0.0432636835634074 0 0 0
1 -0.02553112645804612 0.006656591176325479 -0.026299022449742655 0 0 0
1 0.002234081433885709 0.0002941354470562395 0.0015118829320995416 0 0 0
1 -0.003984656140057745 0.0019908147527983714 0.004431503508881967 0 0 0
1 -0.04000311479407636 0.012056503573983728 -0.009683146175456046 0 0 0
1 0.00876996586953268 -0.007550687486508232 -1.8854989185509317e-05 0 0 0
1 -0.032630089692174194 0.02235984322355153 0.007068694998868336 0 0 0
1 0.0038835669218690713 -0.022271039931497903 0.001178901524837989 0 0 0
1 0.021960281332696768 -0.0004208666672987677 -0.009250739171569674 0 0 0
1 0.035698550328718257 -0.009503132419715336 -0.021447369829998123 0 0 0
1 -0.012955111726074723 0.04724887195364023 0.017300772482784256 0 0 0
1 -0.0018941865992104967 0.0044138006809900975 0.005025921817532977 0 0 0
1 0.0050366764487668825 0.013039688196676136 0.020000937914188204 0 0 0
1 0.02339438593669211 -0.0061808697608846065 0.006347883183596168 0 0 0
1 -0.020812163742375166 0.027829707566318404 -0.02393542866963437 0 0 0
1 -0.024082219353252596 0.04366449596462703 -0.023269756567122466 0 0 0
1 0.019017444373871494 -0.0106255380360395 0.03441970436926086 0 0 0
1 -0.013471523577085233 0.006653351347516387 -0.00016122490665580465 0 0 0
1 -0.023059074922966615 -0.0034827095375131747 0.0212474278978338 0 0 0
1 0.004528672304666842 0.00017945755814032337 -0.0021301735237266575 0 0 0
1 0.022124169660380246 -0.025782570863476 -0.036885499722256215 0 0 0
1 -0.009509434930909654 0.004805682248095717 0.03095911762640082 0 0 0
1 0.035311033316307985 -0.0102215877316819 0.029254982723023203 0 0 0
1 0.002717559515387764 0.02693592578501226 -0.004691438342003966 0 0 0
1 0.020835246456090493 0.0068222968334516465 -0.00527145097066062 0 0 0
1 -0.008100959448479057 0.001764200958401392 0.00530232371911767 0 0 0
1 -0.02571053022886834 0.011847026511077293 0.024973825428110656 0 0 0
1 0.019180110967161376 -0.0008458740758709656 -0.045158777150945746 0 0 0
