1000
3
0
0.01
0.01
0.01
0.01
0.01
0.01
0.01
0.01
0.01
0.01
0.01
0.01
0.01
0.01
0.01
0.01
0.01
0.01
0.01
0.01
0.01
0.01
0.01
0.01
0.01
0.01
0.01
0.01
0.01
0.01
0.01
0.01
0.01
0.01
0.01
0.01
0.01
0.01
0.01
0.01
0.01
0.01
0.01
0.01
0.01
0.01
0.01
0.01
0.01
0.01
0.01
0.01
0.01
0.01
0.01
0.01
0.01
0.01
0.01
0.01
0.01
0.01
0.01
0.01
0.01
0.01
0.01
0.01
0.01
0.01
0.01
0.01
0.01
0.01
0.01
0.01
0.01
0.01
0.01
0.01
0.01
0.01
0.01
0.01
0.01
0.01
0.01
0.01
0.01
0.01
0.01
0.01
0.01
0.01
0.01
0.01
0.01
0.01
0.01
0.01
0.01
0.01
0.01
0.01
0.01
0.01
0.01
0.01
0.01
0.01
0.01
0.01
0.01
0.01
0.01
0.01
0.01
0.01
0.01
0.01
0.01
0.01
0.01
0.01
0.01
0.01
0.01
0.01
0.01
0.01
0.01
0.01
0.01
0.01
0.01
0.01
0.01
0.01
0.01
0.01
0.01
0.01
0.01
0.01
0.01
0.01
0.01
0.01
0.01
0.01
0.01
0.01
0.01
0.01
0.01
0.01
0.01
0.01
0.01
0.01
0.01
0.01
0.01
0.01
0.01
0.01
0.01
0.01
0.01
0.01
0.01
0.01
0.01
0.01
0.01
0.01
0.01
0.01
0.01
0.01
0.01
0.01
0.01
0.01
0.01
0.01
0.01
0.01
0.01
0.01
0.01
0.01
0.01
0.01
0.01
0.01
0.01
0.01
0.01
0.01
0.01
0.01
0.01
0.01
0.01
0.01
0.01
0.01
0.01
0.01
0.01
0.01
0.01
0.01
0.01
0.01
0.01
0.01
0.01
0.01
0.01
0.01
0.01
0.01
0.01
0.01
0.01
0.01
0.01
0.01
0.01
0.01
0.01
0.01
0.01
0.01
0.01
0.01
0.01
0.01
0.01
0.01
0.01
0.01
0.01
0.01
0.01
0.01
0.01
0.01
0.01
0.01
0.01
0.01
0.01
0.01
0.01
0.01
0.01
0.01
0.01
0.01
0.01
0.01
0.01
0.01
0.01
0.01
0.01
0.01
0.01
0.01
0.01
0.01
0.01
0.01
0.01
0.01
0.01
0.01
0.01
0.01
0.01
0.01
0.01
0.01
0.01
0.01
0.01
0.01
0.01
0.01
0.01
0.01
0.01
0.01
0.01
0.01
0.01
0.01
0.01
0.01
0.01
0.01
0.01
0.01
0.01
0.01
0.01
0.01
0.01
0.01
0.01
0.01
0.01
0.01
0.01
0.01
0.01
0.01
0.01
0.01
0.01
0.01
0.01
0.01
0.01
0.01
0.01
0.01
0.01
0.01
0.01
0.01
0.01
0.01
0.01
0.01
0.01
0.01
0.01
0.01
0.01
0.01
0.01
0.01
0.01
0.01
0.01
0.01
0.01
0.01
0.01
0.01
0.01
0.01
0.01
0.01
0.01
0.01
0.01
0.01
0.01
0.01
0.01
0.01
0.01
0.01
0.01
0.01
0.01
0.01
0.01
0.01
0.01
0.01
0.01
0.01
0.01
0.01
0.01
0.01
0.01
0.01
0.01
0.01
0.01
0.01
0.01
0.01
0.01
0.01
0.01
0.01
0.01
0.01
0.01
0.01
0.01
0.01
0.01
0.01
0.01
0.01
0.01
0.01
0.01
0.01
0.01
0.01
0.01
0.01
0.01
0.01
0.01
0.01
0.01
0.01
0.01
0.01
0.01
0.01
0.01
0.01
0.01
0.01
0.01
0.01
0.01
0.01
0.01
0.01
0.01
0.01
0.01
0.01
0.01
0.01
0.01
0.01
0.01
0.01
0.01
0.01
0.01
0.01
0.01
0.01
0.01
0.01
0.01
0.01
0.01
0.01
0.01
0.01
0.01
0.01
0.01
0.01
0.01
0.01
0.01
0.01
0.01
0.01
0.01
0.01
0.01
0.01
0.01
0.01
0.01
0.01
0.01
0.01
0.01
0.01
0.01
0.01
0.01
0.01
0.01
0.01
0.01
0.01
0.01
0.01
0.01
0.01
0.01
0.01
0.01
0.01
0.01
0.01
0.01
0.01
0.01
0.01
0.01
0.01
0.01
0.01
0.01
0.01
0.01
0.01
0.01
0.01
0.01
0.01
0.01
0.01
0.01
0.01
0.01
0.01
0.01
0.01
0.01
0.01
0.01
0.01
0.01
0.01
0.01
0.01
0.01
0.01
0.01
0.01
0.01
0.01
0.01
0.01
0.01
0.01
0.01
0.01
0.01
0.01
0.01
0.01
0.01
0.01
0.01
0.01
0.01
0.01
0.01
0.01
0.01
0.01
0.01
0.01
0.01
0.01
0.01
0.01
0.01
0.01
0.01
0.01
0.01
0.01
0.01
0.01
0.01
0.01
0.01
0.01
0.01
0.01
0.01
0.01
0.01
0.01
0.01
0.01
0.01
0.01
0.01
0.01
0.01
0.01
0.01
0.01
0.01
0.01
0.01
0.01
0.01
0.01
0.01
0.01
0.01
0.01
0.01
0.01
0.01
0.01
0.01
0.01
0.01
0.01
0.01
0.01
0.01
0.01
0.01
0.01
0.01
0.01
0.01
0.01
0.01
0.01
0.01
0.01
0.01
0.01
0.01
0.01
0.01
0.01
0.01
0.01
0.01
0.01
0.01
0.01
0.01
0.01
0.01
0.01
0.01
0.01
0.01
0.01
0.01
0.01
0.01
0.01
0.01
0.01
0.01
0.01
0.01
0.01
0.01
0.01
0.01
0.01
0.01
0.01
0.01
0.01
0.01
0.01
0.01
0.01
0.01
0.01
0.01
0.01
0.01
0.01
0.01
0.01
0.01
0.01
0.01
0.01
0.01
0.01
0.01
0.01
0.01
0.01
0.01
0.01
0.01
0.01
0.01
0.01
0.01
0.01
0.01
0.01
0.01
0.01
0.01
0.01
0.01
0.01
0.01
0.01
0.01
0.01
0.01
0.01
0.01
0.01
0.01
0.01
0.01
0.01
0.01
0.01
0.01
0.01
0.01
0.01
0.01
0.01
0.01
0.01
0.01
0.01
0.01
0.01
0.01
0.01
0.01
0.01
0.01
0.01
0.01
0.01
0.01
0.01
0.01
0.01
0.01
0.01
0.01
0.01
0.01
0.01
0.01
0.01
0.01
0.01
0.01
0.01
0.01
0.01
0.01
0.01
0.01
0.01
0.01
0.01
0.01
0.01
0.01
0.01
0.01
0.01
0.01
0.01
0.01
0.01
0.01
0.01
0.01
0.01
0.01
0.01
0.01
0.01
0.01
0.01
0.01
0.01
0.01
0.01
0.01
0.01
0.01
0.01
0.01
0.01
0.01
0.01
0.01
0.01
0.01
0.01
0.01
0.01
0.01
0.01
0.01
0.01
0.01
0.01
0.01
0.01
0.01
0.01
0.01
0.01
0.01
0.01
0.01
0.01
0.01
0.01
0.01
0.01
0.01
0.01
0.01
0.01
0.01
0.01
0.01
0.01
0.01
0.01
0.01
0.01
0.01
0.01
0.01
0.01
0.01
0.01
0.01
0.01
0.01
0.01
0.01
0.01
0.01
0.01
0.01
0.01
0.01
0.01
0.01
0.01
0.01
0.01
0.01
0.01
0.01
0.01
0.01
0.01
0.01
0.01
0.01
0.01
0.01
0.01
0.01
0.01
0.01
0.01
0.01
0.01
0.01
0.01
0.01
0.01
0.01
0.01
0.01
0.01
0.01
0.01
0.01
0.01
0.01
0.01
0.01
0.01
0.01
0.01
0.01
0.01
0.01
0.01
0.01
0.01
0.01
0.01
0.01
0.01
0.01
0.01
0.01
0.01
0.01
0.01
0.01
0.01
0.01
0.01
0.01
0.01
0.01
0.01
0.01
0.01
0.01
0.01
0.01
0.01
0.01
0.01
0.01
0.01
0.01
0.01
0.01
0.01
0.01
0.01
0.01
0.01
0.01
0.01
0.01
0.01
0.01
0.01
0.01
0.01
0.01
0.01
0.01
0.01
0.01
0.01
0.01
0.01
0.01
0.01
0.01
0.01
0.01
0.01
0.01
0.01
0.01
0.01
0.01
0.01
0.01
0.01
0.01
0.01
0.01
0.01
0.01
0.01
0.01
0.01
0.01
0.01
0.01
0.01
0.01
0.01
0.01
0.01
0.01
0.01
0.01
0.01
0.01
0.01
0.01
0.01
0.01
0.01
0.01
0.01
0.01
0.01
0.01
0.01
0.01
0.01
0.01
0.01
0.01
0.01
0.01
0.01
0.01
0.01
0.01
0.01
0.01
0.01
-0.19048873426638346 -0.5851052231431207 0.1703128050640464
-0.24388855233867207 0.7289019954014878 0.3766382383799358
0.33221991798029255 0.8607706480130193 0.3258881744862948
0.11894279682920686 -0.7347042982117077 -0.5964167360319776
0.7897473069299877 0.006123607145111032 0.39729898379386636
0.002567396908529886 -0.4547384745289762 0.03842841062235807
0.6407751408884246 -0.21872384612387297 0.1324808022429365
0.33542624305255364 0.21161290770438104 0.8036846805528568
0.592315159381834 0.17633202695375008 0.6402158368254244
-0.4865352399302971 -0.5263588620004681 0.6512420184898489
-0.5979132161457551 0.3057333751667667 -0.34085343919171307
-0.6512624691249939 -0.09695900914277869 -0.07224994996262978
0.33681129769421764 0.14456392126932294 -0.8231943868426163
-0.7060409128750108 -0.016159217369386702 -0.28365760217936603
-0.6776237474327239 0.16809014208516673 -0.5772119311198689
0.40857408128336054 0.43709027299757375 0.1271992647491312
0.050284395413657056 0.6372266060236407 0.02896523837359514
0.43017201345871203 -0.19366769554527752 0.6680811794956746
-0.7329577857970265 -0.15903833920137633 0.09358551915738637
0.45570717454957177 0.6193741915762223 0.6357595497197348
0.27235292549753587 0.3949558825488476 0.44955028170904787
0.6813408765556884 0.3180373292273284 0.25744808440057665
-0.6684437173209895 -0.7159237216046176 -0.15929739852964098
-0.965651896633694 0.06382277568238975 -0.07094223274166782
-0.350917146458343 0.5809032073678896 0.15357433879760019
-0.18205277886468754 -0.7096014475002291 0.4972432758249234
-0.6898397358956896 -0.08900705014204453 -0.6654323128356917
0.2779183850771575 -0.36996265541989837 -0.021020105464031213
-0.24091951868797934 -0.23727915248656176 0.16107636647121898
0.785168853290375 0.2475901641958165 -0.09488713444352072
-0.47823197579454924 -0.47677009144338556 0.5206804564076774
0.42241330897831647 0.12974772347971947 -0.37537824171126494
-0.8387952187505179 0.19839155774913425 -0.17325275923693725
-0.15571805812987477 -0.6514586685530123 0.3619986388064535
0.8838075440306946 -0.28649624907976357 -0.2449221798642788
0.5448194242427891 -0.5867072551122107 0.0064351809600227865
0.2673853104310933 0.15162067671880947 -0.4103795986264387
-0.7454942462697469 0.33712439793928606 0.15668019857631818
-0.780672135689865 0.21446489649604877 0.24867347675081675
-0.0767367846742451 -0.35646784885259125 0.4053287247040757
0.5539393694975642 -0.3436032911652672 -0.2778665124480302
0.35575721712671515 0.5188898204089509 0.614187481383137
-0.05787576999119778 0.2604103523594979 -0.35392094911148203
0.4673905425931414 0.4012254529256328 0.11997868519836684
-0.28733049203600436 0.043494255662722456 -0.7888204954347393
0.21930821025310776 -0.15907691506216473 0.8969756602446943
0.3923364131678478 -0.7304191802635157 0.008862739655605249
-0.6754137411512628 0.33577916068674507 0.23362211998899735
0.026433640474084134 0.013614054561815449 0.9889482345462821
-0.3594503293883721 0.8045075025986083 0.2658994366891523
0.03185228888211212 0.6501078942390577 -0.1773609101903281
0.9340775944166835 0.1544214863955717 -0.2191134378801719
0.02428011593087501 -0.4870818761323747 -0.2423614377035635
-0.25185491186897807 0.8308319614004859 0.07708033124181832
-0.2089721866856583 -0.8640155170316579 -0.20941017879978896
0.5542272068659932 0.46427973204009415 -0.01220885723544696
-0.6945124333003743 0.36433332219741277 -0.42902838912585234
-0.1425472444318977 -0.31606778050054757 0.6004419643385733
0.13864584614724282 0.43411253978084074 -0.8007907489339379
-0.5017819837246351 -0.15819444089928153 -0.629562168712818
0.47902414362848855 -0.5868808719007167 -0.005338726462227047
0.5096534545388711 -0.11747685173866787 0.8032329516302544
0.8255444284578615 0.16699616145242893 0.34986771375120196
0.5561972172589384 -0.302318549571957 -0.5352794752979884
-0.2537693995750424 -0.7881804861071776 0.13751952326781133
0.032693933080249434 -0.7660452051076512 0.5054627837920594
-0.25911646790640563 -0.19519386429205543 -0.8671844921223829
0.552547919989871 -0.6453865431664251 0.45020628819932085
0.4410999548402981 -0.5694653797020803 -0.6494492647568648
-0.29785346782323546 -0.23478260980866103 0.5300691470755791
0.4410322134816878 -0.42404332018652685 0.21099791915079358
0.20392393210909046 0.13923299416949275 -0.20039102274725318
-0.8215764283680943 -0.2058762857898437 -0.46288027714469354
-0.7373310371977702 0.15846279926146545 -0.630548816894395
0.1269750124815619 -0.41566429049987663 0.7298009532972575
-0.14275045006247106 0.5183080156421357 -0.7448822089841273
0.31588218834976967 -0.0998232079866575 -0.48511655671775555
0.2841970787063412 -0.0721413697311562 0.1810254285351781
0.24912641360012505 -0.841252713533844 -0.4005599790709587
0.4740348382529648 -0.7486939241159237 0.33008727924088577
-0.6050966503194848 -0.6080722174186316 -0.20907577230690952
-0.7548274594681187 -0.256775370632474 0.2641359897634057
-0.7414270277794457 0.29814738593350576 -0.3044545639107675
-0.6585789533097172 0.1773976569565631 -0.08444641534101253
0.6153258278574772 0.18726295891745595 -0.3342030904084803
-0.04356193157756293 0.14435775271853632 -0.5479256413036411
0.06251809820031337 -0.7491567915956338 0.5786956693161489
-0.09532089715327444 0.11320653128202526 0.3429694974649502
0.03672120440115181 0.9787927607061403 -0.005274557780883625
0.11741027145163954 -0.8491151420812814 0.37805169260849
0.10004058505833958 0.8110778277055744 -0.238016439785932
0.5595848460271348 0.374770568116581 -0.38367501650611546
-0.515364201440219 0.5922944703298229 0.22947988195998076
0.7868004845673504 -0.12296185153763946 0.07759365114017824
0.4434842788582438 -0.5093426221298363 -0.5304192323577376
0.4138376787096374 -0.7507248882561507 -0.3764016344486388
-0.12426955605397254 0.48530349310391413 0.6014375290807445
-0.3407432725273599 -0.2551091275183359 0.09341240058159037
-0.059979957291165814 -0.17225769340781522 -0.7554638956957226
0.04246740488857369 -0.20326225937536554 0.17523639829343174
0.361590105829418 0.3712096749067388 0.7731467886539171
-0.42794562088857896 0.37156169479589224 0.5516131582079015
-0.27589265679165687 0.06298010703220568 -0.9561184561228397
0.07778162864103866 -0.287039327552473 0.5542846643931776
-0.06469508608923286 0.6732786276730099 -0.463633312738572
0.3753500906102122 0.38257169076875486 -0.05514914302559959
0.4619598341782791 -0.7887800096165722 0.3318999332668238
0.2116288419171974 -0.42845136181322163 0.10012671512373486
0.6281689328963082 0.4727755775022358 0.23910280514501672
-0.27197176906952975 -0.007563076936339018 0.853030862505451
0.0047844614357598035 0.06534240940457536 -0.6674964534784182
0.1521973246507152 -0.23428142277624303 -0.568279332293259
-0.5535657087064109 0.30679966727259517 0.14731008972781567
-0.3072164233392137 0.0615088350616045 0.2618168094854791
-0.8633898988793978 -0.062862978450833 -0.15696265515047583
-0.7098866245712072 -0.25441090197640676 -0.3330326228785339
0.28643092011477156 0.39108870766866294 -0.46427183483617107
-0.7134930182623709 0.2314241387570086 0.2858787045625171
-0.33682009305346444 -0.23260020840316117 0.2887614901460575
-0.12180386354861897 0.10866329519302512 0.8328614109507848
-0.6430952099905212 0.6728648485782861 0.21893834108654917
-0.040551119035630794 -0.23707843899166392 -0.0752820899670442
0.32878705573123873 0.2534681403113235 0.016548192980135008
-0.03549874524551756 0.3866857645453313 -0.20569961428662556
0.172972940956192 0.47290024931287716 -0.18733412947879485
-0.22884925512161178 -0.6477515830872749 -0.18489141828520433
0.4898793955374113 -0.012996334248374956 -0.21155349333917642
-0.4954205652525627 -0.5277651966357677 0.24472801868207789
-0.2997402588497215 -0.550343908090453 0.6455578148144905
0.22039811050069227 -0.567262067451828 -0.5522129247580025
0.464114145259339 0.4712533046395588 -0.4044220830122572
-0.07364833392794021 0.36228194720230755 0.3977939957472834
0.32248337279086225 -0.6822532069850472 -0.08196128361039169
-0.2375996724369078 0.45039695601390595 -0.038998252028374106
0.3008654547712849 0.012371412260261797 0.2294370042766885
-0.6903871366433324 -0.08453539575712886 0.44093593363072386
0.5661747871808369 -0.055002325650440956 -0.20843211623448687
0.053222976568245525 0.6107572634249633 -0.6575407272382351
0.5963853111843442 0.4346573799549623 0.19850187464250507
-0.0016081038180204873 -0.3247652038359073 0.2892844010931833
0.451112519555401 -0.6823827374507357 -0.004162281159914875
-0.6494086751314195 -0.04584636645424291 0.203240991909028
0.3422998073141276 -0.3325814904492332 -0.6722329597232125
0.24947260529322887 -0.45310751384888176 -0.5810391405958852
0.49815709347254217 0.5326389280890277 -0.1331073594890271
0.25876177156984004 0.0023461938462678057 -0.7357594065998626
-0.1269432495531392 -0.4463746529599948 0.6458065069934378
-0.2935259135574031 -0.09924050451024866 -0.4061533530192826
0.6192729476490225 -0.5139330048097808 -0.40619191067727384
0.2279929908529813 -0.7007157649704591 0.3500342560575455
-0.06591293496367691 -0.8883352805798939 0.3349469359852839
0.5897704781414208 -0.7451452573253433 0.022844666525849287
0.5295230940359672 -0.3551802564409981 0.13352237052537916
-0.23835196659892652 0.2655155611865496 -0.9103579532435255
0.6780848832640387 0.3536270887733503 -0.5308224347976331
0.02314585677366417 -0.11073978524463171 0.6363983964958233
0.20236824206815826 -0.365302394672482 -0.32504676779531144
0.32090012628160464 -0.7461492680928449 0.030371411392624538
0.28582073606075037 0.06237377225099328 0.7881766267551851
-0.4939709386727596 -0.7821604166622456 -0.11176678291380499
-0.22737501038207095 0.2975850069321546 0.2661609078123107
0.2610616304782985 -0.26006846545663304 -0.23937042362632563
0.34517390423270755 -0.5846591457887681 -0.031369356435269155
0.5721256407810441 0.3716057100168619 0.4528780498078292
0.29910348236302464 0.0002269968189263815 -0.08457031103708543
-0.4213636701087949 0.10627167282269159 0.7399722700782594
-0.5593675507493109 0.637587763538213 -0.2952374615446809
0.6852398171624543 -0.6232635991900842 0.02855398448128373
-0.42323530201279114 -0.8444875539987665 0.19567623104781015
-0.5010191300571621 -0.45975793633437334 -0.16844080297644576
-0.26495664177196643 -0.5553601526206012 -0.1963699511695563
-0.22395003319950044 0.486126845878341 -0.22373807873730042
0.025077931538429934 0.623045399857918 0.7407284576767885
0.4224158825943008 -0.15046573112190265 -0.5627060334652353
0.022987278280847394 0.14944138636836435 -0.598519797996961
0.27619639197336576 -0.5750018160678061 -0.32712847398299494
-0.1517349520091894 -0.24180508121941152 0.3733611004566591
-0.6590352156786179 -0.17878666547238048 0.10353691674764971
0.24026848698737846 0.33374924667293526 0.18807536045621093
0.23676198889946168 -0.8452059742215501 -0.12150654698965879
-0.6805108597166555 -0.07839599429101557 -0.253312489068717
0.7630585561014859 -0.43677953107756223 -0.004939287110393007
0.13003621551946357 0.28338139829999703 0.8561149781748938
-0.32776687503844304 -0.10503025664046058 -0.9278815379236016
-0.24109366416629466 0.06937365434829328 0.7050976367050493
0.6774543976917722 -0.21475122461244173 -0.14343059503873182
-0.37327416332873303 0.3788396755117405 -0.21145449727942275
-0.20413337789329594 0.7169248130302839 -0.11615856354281222
0.3496077954631857 -0.2793614725314864 0.5789135252034687
-0.13149051593161348 -0.16158362683653527 -0.6723866569833077
0.39455998640266565 0.5454384486668048 0.16674708769118346
-0.688062386683883 -0.3294067699559298 0.007202851545379427
-0.624970879921876 -0.48208914223906607 0.3787327817263621
0.38857438644658493 0.2516021132993781 -0.49719718326970047
0.342407212528235 0.1505160757441878 -0.6539392042076413
-0.5243549757861307 0.4037477968027127 0.08493815115456356
-0.31247782775955796 -0.6819402883442534 0.05696512454487943
0.301178115031607 0.2836041735601383 0.6033789614529861
-0.14523081645698996 -0.26450469936629367 -0.15035206038907253
0.010535921002706875 0.680382064871475 -0.4909735712741102
-0.049330776569656405 -0.2812326050466501 0.7263459897243987
0.36298326348690413 -0.6136335858658278 0.5765642669666396
-0.6569144237472666 -0.20195446189577393 -0.6952766605475946
0.3580652843215491 -0.40709512666452013 -0.1633373496698941
-0.7877077387835321 0.16101799995440816 -0.1522199607590952
-0.196349934618513 -0.6135248707558453 -0.4566534736643354
-0.06535080512275077 0.0522143428484717 -0.6344835235218818
-0.5156231214007755 -0.08681496635919626 -0.44046401592683554
0.7701326758582903 0.06344789717709215 0.25876144317481287
0.6665419216266748 -0.39829933134501533 0.4183206612077231
-0.6611975980171109 -0.6947918617693067 -0.16162820911433814
0.15131432588277824 0.28734404014521936 -0.9268152372249784
0.20172772944141004 -0.240512970313148 0.2171726694043623
-0.3026934618460534 0.17967795784645638 0.8606172846007784
0.2365871041162282 0.3313250383497964 -0.35767010325059956
0.6944078050660669 -0.29077254638756683 0.0292914966355148
0.2505208556793472 0.7025900195717592 -0.333709286308296
0.3480078750650374 -0.7342632850814376 0.5431967162769344
0.03135235306822905 0.34885131314252465 0.09506054882038564
0.1634704515623443 0.3645702645209429 0.1325464204103667
0.008345136877469435 -0.322524025172045 0.01615557086313619
0.3511622386460913 0.5874364929530627 0.4059195990673932
-0.18763884244752374 0.03817739376306032 -0.2335296311356648
-0.17077076992434795 -0.27573966017322243 0.2870613434611069
-0.07137653510169299 -0.7139822592901025 -0.00909717667497662
0.08758722245420614 -0.7048302913240055 -0.6729526153008125
-0.39543800924919403 -0.5328018422842399 -0.6943635120891255
0.4319637227582043 0.5499783114884695 0.4221073404778693
-0.3573309187990415 -0.41114908672373696 -0.658659280990614
-0.3753917249379806 0.064828624301492 -0.043763513609840814
-0.7206306842635569 0.21511293837515738 -0.4065929068556994
0.5382779376461221 -0.452807858406315 -0.13922012587679572
0.11832807461776575 -0.8912466215875655 -0.0892624398128605
0.11662333741001327 -0.8459669594128165 -0.19261284466632442
0.47837916728763474 -0.007914740127769422 -0.06065593559483618
0.11970403071991183 -0.8446904284972319 0.10791418031120739
-0.2837820630080697 -0.6180276440598678 -0.29130517950293844
-0.2806185957147795 0.7384074767823032 -0.19803520605363725
-0.0980762359787213 -0.2468427101787845 -0.7501296542974667
0.11814152917843652 -0.4008583697129034 -0.2515873536996919
-0.40195321909669474 -0.04326128717522962 0.17808528400232512
0.6339808741779391 0.4463533116402957 -0.3392808328542035
0.45367525884384885 0.4881122553053144 0.056715810771360876
0.10657990601364198 0.22895849849787567 0.3489569826145748
0.6778180407083976 0.05535323379781251 0.665796743593485
-0.3063028662766102 -0.04996843634523622 -0.7579849223671516
0.6939581691207343 0.07203773824626443 -0.17715585288130242
-0.8735636067109976 -0.4540587463837853 -0.049863917955978734
-0.10847296221358317 -0.03653471413932343 0.4821261377791921
-0.18306415229446635 -0.8129326424566873 -0.3745617512067143
-0.4480050571598539 -0.15252393370031112 0.6469171457547489
-0.23893390983911825 0.13660514517307706 0.8953116946161692
-0.6475526403466726 0.6413966135358438 0.1349345628463494
-0.25898140856990226 0.6487753855460956 0.6659631487953686
0.2470373231522226 -0.9473226372798164 -0.17737218153554857
0.3255828994908674 0.47005828404998984 -0.13115844481538547
-0.029589996024780123 -0.1502257297137613 -0.6518865942808859
-0.1893733169170421 -0.9663836558007095 -0.15570181485661194
-0.18483044889158218 0.526052059232914 -0.42251841258414696
0.10531134405487577 -0.3995615875202701 -0.5523757459767729
0.8133303208817951 0.47191367974353055 0.17743352154601894
0.7191064664870268 -0.2220658651468656 -0.5495850984752584
-0.5762018405043455 -0.11140795083679948 0.07562052704096264
-0.4687896813953507 0.6479950139564031 0.45415028102624033
0.07262744142144013 -0.3459852176382645 0.8111038279432811
0.5745895596763375 -0.7816188257318212 -0.16880237041082952
0.5357623555934556 0.6227344003264911 -0.010668797323423393
-0.3895181486053095 -0.3442144687819412 0.09332871475680407
-0.0013936597061293546 0.05633502467761348 0.05607730708778755
-0.5015541765493252 -0.11825401300062494 0.7829749525924349
0.04211133439674067 0.17350832950190087 0.05567030190027798
0.6471307864492671 -0.2064966713955384 -0.45482609901732474
-0.06998002845913733 0.5337561419920134 -0.725527714339803
-0.06906916908489287 0.19302588225554085 -0.7351536141769259
-0.7466895384279151 0.09720609970607073 -0.45265395718508855
-0.5169140582360912 0.7764488892196094 -0.21405215635979316
0.11508931094405102 0.1861016458498072 0.848224476598061
-0.2616815286917866 -0.31167732510976665 -0.5374899823263267
0.2540470475915706 -0.22072455589288514 0.9040567414963879
-0.4642513637196588 0.5424049532691712 -0.6356274467166361
-0.7196246616852398 -0.32100758144526514 0.1639640523078552
0.035492014298445056 -0.506719753745344 -0.8324699841637455
0.6229695362317998 -0.6566980420838295 -0.08093264083796257
0.6438466145475018 -0.5463362180197961 0.5269626926762543
0.19664196068927908 0.32808974812807107 -0.1684849795393477
-0.6321862059017035 0.34650776426871527 0.34664017342102765
0.32095432531704066 0.25913288102074694 -0.8898259841467367
0.10655592831699139 -0.8915525114232656 -0.2874347676356755
0.8197931053861929 0.46914133077732945 -0.2873184495477464
0.472681152866608 0.2824140741415017 0.5849460345889912
-0.8096436084547812 0.40388063833806487 -0.06935200711077096
-0.7730574468251249 -0.17844110869852972 -0.2296555974430493
0.03966328672134463 0.8682210572324428 0.44351772653858373
-0.3217941234421374 0.16786786599554532 -0.769365284898969
-0.2474699061123448 0.17570670451797504 0.42028736410663964
0.6475511273841184 -0.6580598237900022 -0.02181149382639787
0.09826083420882681 -0.25717335091601606 0.01998342131339187
0.07068880937614158 -0.44995087147655793 0.5776259130829313
-0.15336035807865928 -0.8728653555902356 -0.32666938426220216
-0.1712087778010814 -0.7623175180611218 0.3783973798252957
-0.5935144658242552 0.6063175355343813 -0.49372310105459066
0.3529087284090233 -0.09703663638067891 -0.7658163239562616
-0.5590636362031931 0.5347044770056101 0.361502989544942
-0.3749483192279743 -0.38062999083886534 -0.2912838905743272
0.12763037643084396 0.8208686346261307 -0.30418738331196554
-0.3783566679432719 -0.3936227082531441 0.7821412124550442
0.24253914063767404 0.5786003916939476 -0.49486762597693823
0.3489299360395776 -0.09603651780975353 -0.7971161763768981
-0.18006365817380518 0.9246538324410715 -0.11210923818227059
0.641078793502384 0.47146139046583674 -0.07194516542966611
-0.635210642502628 -0.3545215264175123 0.6762871305955102
-0.24320288825477301 0.35166408203302485 -0.8671510225984826
0.0557591286011238 -0.010185819219435241 -0.5336704545436699
-0.8221667605492422 0.3620286580980985 0.3318241382133069
0.034172305207719404 0.3907671941196466 -0.653677894464772
-0.07541401974954325 0.04574514051545934 0.757468535448117
0.3228601006911584 -0.164016290921954 -0.8261936559779635
0.49232145535393984 0.01107131436446424 0.5474020848181614
-0.7253816399651484 0.4830931933466847 -0.12415122034268196
0.5359313440495124 -0.022611448008126995 0.3047792812466251
0.3851637334714938 -0.011686692472875045 0.5770755012431131
-0.4448915993586673 0.5618552680068455 -0.658735548292522
0.015704593995222702 -0.7208997104326048 0.49672278326225383
0.29460418796034266 -0.7153129119042185 0.5821623388462923
0.1988007462923369 -0.43114127230073573 -0.17970264424984267
-0.2661273053282806 -0.8653303715745725 0.16395875687477784
0.468915019956439 -0.5062294650245294 0.39727348333547
-0.07151680315575892 -0.5246315350129513 -0.5292758260974159
-0.1671719654219453 0.7613804904641396 -0.13063944633066865
-0.30552128701572057 -0.8398280265553966 0.28026535929889884
0.10850467831840668 0.5653108297629797 0.769881442362907
0.13966428464599565 0.5475220079162672 0.00803903526153152
-0.14387828309037137 -0.10677481421237385 0.8846276724104322
0.4398189582483271 0.6276934734908123 -0.28675609067775576
0.08529760101425089 0.34345378794661463 0.22777169292613625
0.2549047672901557 0.3822407233026501 -0.7879599233167743
0.19797882816359633 -0.6713819852801426 0.15111449938160443
-0.6343856919480269 0.09888382496472663 -0.7173443493248752
0.3986032396056487 0.4571986301158144 0.41015291418326505
-0.13493023975461244 0.3766678982810527 0.7608614802133227
-0.3964972972134639 -0.763975343636457 -0.01086391253997757
0.852793895556088 -0.2593165481199866 -0.30017123210794405
0.45635538502589446 -0.7324727945570895 0.15788677610600127
-0.3202627798636164 0.7094957940848361 -0.16667460881374732
-0.9133977059987127 -0.1918871429911817 0.2089924591265241
-0.5829385875378148 -0.4345817189534063 -0.3838751412166646
0.5493570352157224 -0.4651732027534772 -0.5249506233626783
-0.4956972979169375 0.16119489023384906 -0.2882076449903941
-0.3087646436846371 0.3458928544001644 0.4863375087626918
0.6833370955738256 -0.726408739886069 0.06955209917494688
-0.531693075127893 0.4371657175482489 -0.17390409320710165
-0.19884692005769 0.40297323151033704 -0.16853635735236047
-0.44604419255196215 0.06875917892708433 -0.5788433120440447
0.07493797080224945 0.19523548597101972 -0.7020941895735189
-0.728438949334791 0.20844941071606063 0.3191278975568063
-0.1630586905612456 -0.4487809368797407 -0.6850526290902137
0.022120335969309003 -0.9179392882813333 -0.14562343502515557
0.12777061187358538 0.0288671426987968 0.25169711728950533
-0.6975079902526041 0.5413436329708471 -0.3563708432565132
0.5858841909802699 -0.20519650463010933 -0.363236710090034
0.558189847791487 -0.12560279739080715 -0.03584692353896084
0.6367340890017003 0.28133331707971415 -0.5986691301358331
-0.8037785273097819 0.08210136208725509 0.26130879720011757
-0.3319113584281821 -0.5045238622257054 -0.6951735948332095
0.5507054454886411 0.10642163894085378 -0.007476239454684409
0.04505857509278334 -0.10791761024671401 -0.5698557069990561
0.7037567762745354 -0.0988547314646139 0.6142121320951656
0.322671086207314 0.856223243756889 -0.30053756184054803
-0.05729067691602532 -0.46452715802694394 0.41150214748250824
-0.4700729561354602 -0.21064198934867848 0.15610761646555021
0.5808175601604579 -0.28640196085343494 0.2579074734381914
-0.2644373086826027 -0.7750624504060483 0.10436854156724175
-0.41202679421269733 -0.6056450983554883 -0.17032018754436581
0.04578167955806789 0.36390704654065936 -0.3583708038834529
0.17423723389423684 -0.8253517018234832 -0.15729023476620554
-0.3210322688768786 0.7111783432094236 0.24691702646885036
0.1922638990615337 0.7079701470297113 0.6730497021999842
0.6728224868883013 -0.23871048212896587 -0.18405051302881392
-0.11126459412291746 0.469097192900609 -0.5278328360041167
0.06857710533424209 -0.6519057054682559 -0.424275071723873
-0.4015478712513808 -0.5840368934458723 -0.23300752521745444
0.6227331026728915 -0.30127774812221975 -0.4827840064166434
-0.2826048826106477 0.04553886919890496 -0.6457281847628674
-0.7186706677861392 -0.05212774706486261 0.18682670459100303
-0.5515009551851429 0.1320655695288207 0.4063194389450412
-0.9045169004583602 0.24730582025395614 0.295142098888971
0.7056029150039455 -0.08670918071745586 -0.3897785307434649
0.14455101417527785 0.015039930371266792 -0.7562066460361084
0.729953275620567 -0.25527286129243043 -0.6331976112209604
0.3573150567109513 0.38467792826794306 0.3460635326429318
-0.07646821388456448 0.7469174105302189 0.5089270509434175
-0.18642975727589609 -0.569398824386117 0.06714598182328389
0.2770914214195435 0.9045034616351724 -0.18301250191320773
-0.4919628877657851 0.40171679446538006 -0.002040940120098192
-0.003586663982309947 -0.014990833122637283 0.7776213508400244
-0.18446181303780626 0.36853274299950045 0.07957614753489158
-0.2587655198342305 0.39422789549760906 -0.25574282099841655
0.18534082119233286 0.09299454527183232 0.06966633200764798
0.21778277910222502 -0.40058964849721307 0.8356467467066004
0.31935775440670344 -0.41198630157870453 -0.6567618308816497
-0.28536393904563695 -0.5177031444799944 0.08669698726624255
0.19279373050030557 -0.33888441951038567 -0.4540091065634513
-0.07863578969202012 0.19565609433772213 0.8702064862537638
-0.3759555032307871 -0.40510406060448034 0.5491809749385868
0.5149451730015208 -0.02859594656722528 0.21644697417837128
-0.2417587381733381 -0.19034104577933492 -0.07646987773311872
0.05617695853685049 -0.6539409696000228 -0.002093963361394648
-0.21470769116687313 0.2036345589991749 -0.8473667120615006
-0.26256323310669283 -0.036225827719028304 0.6780127184495648
-0.21283282818328556 -0.49937107309630907 -0.4045644541099882
-0.15940611228536955 -0.3281167942908663 0.08172729024954874
-0.26696957330057847 0.04924753963076653 0.5770614864913
-0.3378783428035166 -0.4530836475328571 -0.6812320528294019
0.34594337151372895 0.3235423332522053 0.4906128604139166
0.32880995873825786 -0.44722422055732014 0.62208613774502
0.7870106963081468 -0.20688658968766943 -0.1545335828944012
-0.6454607258689381 0.5416677242500336 0.3332660927963583
0.26790025584381505 0.12247925517387206 -0.8148095040831502
0.023668614016293568 0.4163125710504927 -0.8578256531338221
-0.30324466230848757 -0.2423441276079424 -0.37288516317028353
-0.7164788469173237 -0.2718072786732627 -0.5884841576574811
-0.46038082263105223 0.08105407242311155 0.575550743273218
-0.1700210142873505 -0.32833672966004357 0.7739245730328543
-0.28050869941805257 0.5288368164099492 -0.42619962951301243
-0.0034201123523099693 0.9645302457242126 0.1129256763051712
-0.2788054241082563 -0.3707477407142668 0.6315529590740078
-0.04846758345589908 0.662966481481279 -0.48183057010847125
0.7557229658917827 0.3197481446363148 -0.11206228446958537
0.7471223853388336 0.25176675822756917 0.029704710498744485
-0.6343153457496236 -0.2201948401997602 -0.6822935503940054
0.3209415457907889 0.3298707236584658 -0.67444298328779
0.2553101224600871 -0.4410262776585508 -0.5447640222488243
0.7932122193809256 0.1635460888442044 0.13578171897169436
0.0058771382652372155 -0.05902344446140086 0.32326172232450284
0.5989834007290672 -0.4056385259475913 -0.5351388475137078
-0.03504727612947053 0.11648097332803053 0.5950565125069031
-0.2777672672297457 0.2824632000197876 -0.485612445765086
0.1418101388397883 -0.3573887508678367 0.47624705025832204
-0.3223413817370965 0.44258285061666125 0.04912397878607644
0.026471013173790955 -0.2510201909988964 0.7219486027122912
-0.48483582554503435 -0.02004323643331166 -0.3077925412375206
-0.7548055106422282 0.5963841584414288 0.028731887612790264
-0.0044496857528602855 -0.9609942401627632 -0.07444637347530687
-0.47084430264670574 0.4163809924719435 0.05083420863547947
0.6313984371897297 0.2867720743955682 -0.14953304251102648
-0.33713024179832946 -0.48085901455931285 0.06318875650192043
-0.3117855153255815 -0.028891165763540356 0.3033146388796575
0.3175213072963892 0.04998417110453252 -0.5742407479597053
0.29501732308021555 -0.9382432910198424 -0.027991313251916346
0.09161906485874811 0.5113781117112608 -0.17788998270142933
0.2662229362941334 0.4256216617318778 -0.5641858240572266
0.11110451221096007 -0.5846737349275735 -0.5635696436326796
0.18631892945755962 0.6357948295485243 0.4660599332807086
0.2385556851103109 0.6014568177479022 0.6007097106652143
0.28965274905494987 0.27579622364257833 -0.8751885060286694
0.0617884268533375 -0.696493125316732 0.3631675608365368
-0.6663776798937575 0.1125052191119495 -0.1661208687862809
0.8758429736633314 -0.19255727791133834 -0.13860938561476238
-0.2128621986955666 0.5298640850391846 0.10764640245902364
-0.01526484585982671 0.428206048999114 -0.0925020386571535
-0.609306022694078 -0.0408030353771946 -0.045477847914004915
0.8630637761276203 -0.15921767702311973 -0.28681815239760333
-0.08072326706226592 0.5856197520826326 -0.5902625961328993
-0.7581397647399863 -0.41906520434903793 -0.20031781231836857
0.2386184978760613 -0.12541612419658907 -0.22645691187012423
0.024371061526885913 0.21838694682092186 -0.7083452291529246
0.8369055051986287 0.2744290438618091 0.09281004492639026
0.14637100704269415 0.44336855608272957 0.5016244130010211
-0.09262390707892856 0.45380177802244404 0.7690615874050439
0.6733065215876834 -0.39576025913759766 -0.01994997151693758
0.3963098463384694 0.788557839002157 -0.01744610536988495
0.27518234841841216 0.22873609871612025 -0.721748253096445
-0.0935313463903284 0.5632653702136897 -0.17237058652434986
-0.799773838095318 0.05729842652746117 -0.36843955026504666
-0.05077403643688834 0.3434790839369431 0.19145467505640207
-0.489354205956294 0.05351407693140382 0.254737069821036
0.5645355621664553 0.2310728954568905 -0.21605009001491277
-0.14610444745657258 -0.4906019562276062 -0.8108698784209775
0.07616309611587896 0.15947360900596938 0.47626984235253894
0.21319756581036403 0.8732092866681513 0.3534260290447041
0.49302677647370957 0.08454119438728366 0.4061269883700015
-0.36972203024454103 0.8256930505572511 0.262170657024229
-0.7834267683654039 -0.1016069772163824 0.5796062448123377
0.5982745054540165 0.04765418287175312 0.29414721333750016
-0.13797432606154206 -0.7803535739678608 0.2213841410944037
0.8222364272703375 0.4177499717516507 -0.20543131369115555
0.4569275882423198 -0.1975178169494149 -0.10904349105178086
0.6315932343004771 0.14680502232321047 -0.6753328912265002
-0.49036268338771977 0.30853823685736986 -0.5604611319856251
-0.20460944342985565 0.6933369472695862 0.6429780886745725
0.743537948160309 -0.18434361366798815 -0.08658832447764378
-0.3412554262769634 0.19589756677096573 -0.21759334118321996
0.19207162077866213 0.29330271058612106 -0.5229464035636329
0.06257299155008411 0.49855604179749047 -0.7725044070071212
-0.776745756486174 -0.3477333484373076 -0.4354329137702202
-0.22872002096918753 -0.004297549886496408 -0.11969462648072421
-0.5398586707633146 0.7854416748280105 0.2903645272802647
-0.40445905533679016 -0.7403415153881735 0.07473391051354196
0.10449436217599611 -0.8523488794484003 -0.31202791933313473
-0.6872978434370586 0.35716703944489087 0.1264905328906634
0.056557019152597345 0.3638351910336113 0.8693169554299707
0.22077004456249041 0.7371892169298334 -0.26291421864425574
0.8846731767636313 0.013476265276660437 -0.04222714009210015
-0.5423710059504706 -0.5621993059684288 0.17934918366203986
-0.5649094353928461 -0.30471630809771166 0.5712866884068662
-0.7050062254676372 0.38903756715970556 0.027708271722909777
-0.43391178293789523 0.5081365086711785 -0.2647987063082649
-0.7706235681939938 0.463017368584941 -0.2286080756019105
0.27467719898388887 0.057036449828579826 0.45027778824391085
0.4964360658933172 0.6629962224105357 0.321465263028531
0.4377136700523524 0.25466903015423487 0.014261569264510152
-0.9108959926118116 0.002017885456019095 0.27404579039009624
-0.4986734621230724 -0.3868108656759064 -0.6279742754571572
0.5718201517234262 -0.564356576993515 0.19035763982522683
0.3760849479223264 0.31539298645866415 -0.35590394364322636
-0.7150423594433619 -0.3807016472199862 -0.15584840199953934
-0.3563781795801265 -0.6118779906899247 -0.21499300944736285
-0.04874846324361079 -0.6390999065632988 0.4789258797384058
0.4403336810601465 0.25004762921282103 0.16639542087174342
0.2753834387653977 -0.14341099913400043 0.7438887353219559
-0.5575931431933713 0.040551387606946335 -0.4682351389510685
0.42087169202888514 0.32416256650502273 0.08464654137923958
-0.3488904924450146 -0.4992221155342493 -0.570922896450114
0.741488984450222 -0.055968108506599716 -0.3970632638682866
0.08985302746914262 0.9178858444734697 -0.14092713826631093
-0.714490014130594 -0.16712409554087543 0.08935051798941421
0.1334226091409538 -0.12637928655026423 0.8944364735288141
0.28217276302962513 0.3270568011599248 0.6251759106670861
-0.1803814966709662 0.7077995498493143 0.40698598909515477
0.008840722985387614 -0.8025360475816677 0.5834055193519274
-0.835232563167992 0.07885719873019689 0.24400262994344013
-0.1494025288874429 0.018333208397769935 0.9411379506929615
0.046349464958813466 0.4817604039576158 0.036628267052443333
0.1663992197517895 -0.2366394284523465 -0.7889099589556933
0.46083004770999947 -0.7526508266792387 -0.3341424986730879
0.601588343179384 0.2751083486961644 0.1543590766498085
-0.09507553832032123 -0.42679033731907656 -0.5974136110934827
0.22148159526787037 0.20715653176850846 -0.8802536269183779
-0.07337811629268634 -0.31979316976937944 0.22752821664809636
-0.09798834664946038 0.28093909693609187 -0.5614261365330566
0.7049112374263458 0.5172226500057071 0.2267882464820901
0.1368716477452488 -0.6267482653321992 0.6338797308752471
0.11500970081343379 -0.040959988753745846 -0.03302050681730746
-0.13935164032301592 -0.3184360861344615 -0.19459502116585953
-0.41358291227170874 0.042758286570901215 -0.21647675933749666
-0.8507561403033134 -0.2283148252314075 0.06291469993178203
0.5043517280203657 -0.6556023486480985 -0.26649756531050317
0.2596583471399462 -0.18039291956046424 0.4398473229976465
-0.7839308881083709 -0.19282898522291522 -0.5327425043782041
0.10524350107308812 0.1511764084411719 0.8861717789350961
-0.5732942920675841 -0.3187564122853624 0.16391953824041028
0.2178909020164811 -0.6512087152726226 0.3224201344889097
-0.22745822297726667 0.6631355741698157 0.25185974697107094
0.1198121542539447 0.05740580809675685 0.25150670007485354
0.6175831190129559 0.47059367852717926 -0.324327718274664
-0.09417118214266246 -0.1203694031526018 -0.4209233538044982
0.05289069392198536 0.5303510587081882 -0.5474092155140886
0.16965005673214031 -0.01927736585154009 0.21582231397455
-0.31690498439036147 -0.764773569922714 0.4514505566222974
-0.018569944706969734 0.24041791183675107 0.18614059132675756
0.4422354313787306 0.8044213324138063 -0.2629057842113552
-0.270467200754065 -0.3725972078962105 -0.02191257598212852
0.32519836223273085 0.3132965567298689 -0.19630112207913283
0.27953792286466306 0.0067838102855492894 -0.10424370888335788
0.2633325720303803 0.12727103110135368 -0.4785596301684301
0.8717922068010134 0.1672230944426281 0.12515380682228402
0.7225381304785661 -0.17194343450158092 -0.5057880654548482
-0.6367100942427836 -0.6373900102507631 -0.1916237505628528
-0.4870283809870227 0.5990557496441811 -0.26291046342369073
0.4667928366373729 0.0629697834506724 -0.13585288511762683
0.30807392971384434 -0.21721142126272944 -0.4693545292572897
-0.7160557960246483 0.32151940873332013 0.5851312288251511
-0.6408257820054887 -0.21809890876660806 0.44472641242397565
0.4901828693966847 -0.6125899149878102 0.10226200927446283
-0.7596797480988811 -0.2713214389542235 0.47099394721043303
0.5040492392634504 0.2697985341868637 0.6234367317344118
0.059105641229929846 -0.4158835462088715 -0.11000367884002278
0.3689964084068177 -0.15026297689213508 -0.9068707031139204
0.6972963744726938 0.046589635971996654 -0.43734720718128234
-0.6688796145129265 -0.34836349668816274 0.5010305089714732
-0.7915064478289717 -0.22811476591361232 0.03695202731336401
0.47335415325438096 -0.14368204964125417 0.3286567246001408
-0.6871262637121218 0.29335616712851653 -0.2567033730988485
0.5917725611949319 0.24856797124732352 0.34916919460143653
-0.5907868925520336 -0.14519664464235468 -0.16887927753716164
-0.18076307251892115 -0.4208700709368418 0.7460150683564056
0.5996330337313119 -0.42991396822811534 -0.0871349157310085
0.08294136035476517 -0.6613552300337414 0.08562689339971405
-0.45471394484499705 0.33750269427248697 0.015427505534071118
0.0027927310386737956 -0.5276863107920007 0.31508447333899864
-0.1619314540479693 -0.7987471640954161 0.34307719412865806
-0.35899149061863 -0.1443843783282217 0.913344172803495
-0.5533671273966542 -0.433071586633238 0.14278473835936747
0.5085142214097397 0.3121500477360992 -0.13779582517713138
0.9151576200112475 -0.05695970276416975 -0.37382826154271376
0.8467187271503072 -0.19944172095258456 0.48592131469716104
0.03307760910331571 0.7613463432167269 -0.3182398891257017
-0.48790868894685974 -0.03758660009740436 -0.25073370687003027
0.7126077419338893 0.34591654562580937 -0.10388113903905775
-0.19869449869003236 0.2846010508951949 0.7280347635551406
0.5356960995967438 0.10719693611597998 0.3431223336423765
0.8628430097165157 0.4271423482570912 -0.1507941188053319
0.45901057202900686 0.6229439074395359 -0.23941457095224547
-0.255479956400401 -0.21387085578272572 0.5550791578869234
-0.4837506632907176 0.19459312904664422 0.458553355211569
0.013979869700154222 -0.048852114573008296 0.9312568453060613
-0.004129905578810781 0.6251417549638516 -0.4846662179077038
0.41787680773886293 -0.5820481506975682 0.3196205774092591
0.48165449839731833 0.04494734214401425 -0.5949203679289368
-0.23473897145002037 0.7869509458932846 -0.41268998507012694
0.42417981969460344 -0.4618548236337734 -0.006582845705842223
-0.21653458533269176 0.13659405647480583 0.4896100670394485
-0.22941078587119915 -0.5620830340802646 -0.048921658183059935
0.4797236333240788 -0.3900327387039589 0.09391000256732115
0.6422401937902106 -0.10581854176464098 0.06027873513083998
0.23654087740475396 -0.549321041633178 0.07946696532408656
0.37992625222920157 0.039934457186638204 -0.5095687796874235
0.0735046688530153 -0.2856750954091837 -0.5222708799313878
-0.6222046659945542 0.5192805533230933 -0.3829856439632092
-0.09602388545425854 0.115465915010243 0.279674828390308
0.07359675902663354 0.18739657071587515 -0.8560608286762896
0.37091606156415624 0.11968227959497936 0.515496760114336
0.4955753747541425 0.07015194818209944 -0.857159480101508
0.3041194998504492 -0.04655493990178676 -0.6880721288569746
0.3711505780650388 -0.5629944180228097 -0.5567206484803181
0.17632003940123658 0.5000668294933494 -0.031984774743624975
-0.4685951447542788 -0.33604925933570656 0.4463694647922171
0.1975089104217269 0.8974020923798692 0.22563676504274063
0.31343245741301085 0.44438411899752034 0.7078829802030072
0.26748936850347904 -0.09321247414716201 -0.44488565816415976
0.10206718499481604 0.30369444667587736 -0.8942213000112779
0.239491779560168 0.02902077474660919 0.5126695906227998
-0.36303521398181915 -0.16943200482643317 -0.5123103379856561
-0.3434013898095455 -0.5649065729760647 0.329945351772672
-0.6295826815760653 -0.12512229277168374 0.20179495243901108
-0.058600132168956154 -0.27525889371066886 0.6185821035116348
-0.21508859416228351 0.27286297619595634 0.4289726307901688
-0.4898455711271866 -0.41007728954479405 0.6399618214683981
0.556330280019073 0.6057367625790859 0.0067814479145218995
-0.3516189877825296 0.3758072943794931 0.5884711987564317
0.07872674996799464 0.7038081654691865 -0.18545871838709166
-0.4936852615217747 0.29838131180150623 -0.6979941950473466
-0.05231689466971951 0.2546750948274773 0.2344192469391968
-0.47217501301645065 -0.5436584696982137 0.4925432232280411
0.11472867231864795 -0.4245741271569109 -0.11961631077666196
0.13697921013075648 0.4742345292610626 -0.4064154771522826
0.725638855133966 -0.4397266662142361 0.3826140268522445
0.034296266474266424 0.10366772010835826 -0.892492233222353
0.08207262478808547 0.3327456638067511 -0.654128659193149
-0.06913688348881358 -0.5665850201702279 0.6850494904841969
0.588669226594446 -0.2055346355613235 -0.15894874333013223
-0.5744158199724634 -0.27212937270113785 0.25268373561493074
-0.006983919887380434 -0.8392237290195311 -0.499030738289205
-0.1851356818153116 0.43946435091407027 -0.29491880480218985
0.5885874838358499 -9.18434732756465e-06 -0.6997296889224078
-0.3292654072612964 0.4573167041172899 0.022524673653239614
-0.5708449174639797 -0.2797241891548017 -0.6132183640858841
0.6009024111980383 -0.4018267354335754 0.5992868993525382
-0.8308834653594813 0.3482986092792177 -0.08580140008789204
-0.7465658202779276 0.5367503732760958 0.29903033695704767
-0.029135059802035634 -0.5315660756495358 0.011970324178774869
-0.5073567565043253 -0.6034568475234814 -0.43050797820664777
0.7265184192980191 -0.08967019176244317 -0.03743291520183036
-0.6211591468611493 -0.40517048248852283 0.5194779770448953
0.1809212411839777 -0.44549304581562243 -0.04758438817138905
0.05277127410143566 0.6418770174214371 -0.7267170169715748
0.2190526332220725 -0.32018307735714135 -0.4363410791104715
-0.7290396334394701 -0.46959996698566864 -0.48783867147610277
-0.24203956437807622 -0.14679430991358033 0.7695711153152496
0.5836150044034487 -0.14506114231454015 0.7275532959766589
0.1487380629506212 -0.6838867180423336 0.3926059151784348
-0.2227713060673706 -0.46884047448891575 -0.28496607101493554
0.6104752830786058 0.404772192189194 0.17019492845308268
0.3061731308782307 -0.6478548486357987 0.1876083678360429
-0.6621137060715228 -0.6161711087463396 0.1961182622588519
-0.29817363681875503 -0.7256013609435313 -0.6000944764619373
-0.5641197679590014 -0.13032980044494516 0.1974303429355763
-0.22094507693181017 -0.33998981057124544 0.35826034120216144
-0.42909099020585256 0.25036976099327996 0.33915321534971277
0.169230223419387 -0.2236936735789311 0.5566928966066379
-0.6872356360466766 -0.2400817462379721 -0.06722070761722322
-0.4432121191193936 0.36954657540768904 -0.2952282243994382
-0.09473963507172956 0.06340691827338844 0.46359447987890817
-0.2650140779591014 -0.5483113956519017 -0.7287833722002178
-0.5778224257543929 -0.5046990891712188 -0.20222980811238894
0.014297540180012143 -0.11474082540409951 -0.6950292088049095
-0.17267953877225706 -0.7011122008520175 -0.6648603699277649
0.6404258561811751 -0.04929661687081061 0.13574420302468748
-0.05202839520550969 0.5577308508654168 0.21047820027982064
-0.601972242374342 0.24756694705197535 0.15169544044383526
0.4243684647562324 0.46768351507780387 -0.0015068952563149452
0.6991884099238499 -0.18994009687929697 -0.250296920538286
0.2957378397496159 -0.49937831462320864 -0.3276987016050213
0.0751626580650586 0.7537753474601356 0.11955364535655855
0.3202934651202172 -0.43856868734156246 -0.032034188720376465
0.23361813528612943 -0.19514812302345577 -0.29983627923074607
-0.11138214900615118 -0.20993042758536487 -0.2324252947204813
0.37218370273027845 0.4884987612623887 -0.6324474280334509
-0.37201954698398576 0.31197198617427574 -0.6415749076079289
-0.6130311413807784 0.4309695850261188 -0.12107444939566352
-0.7158233743653386 0.001985156584505023 -0.20586297203308063
-0.08166977690195354 -0.7873849105016365 0.279439220280885
0.5651036269757954 -0.6008175950960388 0.3371811357593945
-0.04455870627133306 -0.35555192038357836 -0.5562126646956523
-0.0746286000713806 0.5162087164998019 -0.3742495627433563
-0.6879870727161755 0.5410687894014627 -0.22088874366857708
0.1432451385585481 0.27188877225960384 -0.7437444495856903
-0.5815124731837323 0.5661290239301932 0.4625629704010513
-0.6943889434446467 0.47249648383217013 0.19123200333011675
-0.08594937807282924 -0.5761937152654711 -0.33311511495441226
-0.0757139130070057 -0.2517102270480802 0.48219273120712036
0.6869219533696088 0.2017515477109805 -0.583095202334422
0.34539316549688875 0.6706667790556817 -0.07155751330236992
0.49410500373827976 0.5555026255354016 0.5131082008740296
0.21137754714540094 -0.16499656991113365 -0.6496247837881056
-0.08280525209776098 -0.19953704168980949 0.22137758423427323
-0.11162130543910274 0.3236808049456133 0.6567482095707677
-0.6640560359762455 0.10001319444146799 -0.24774551163507308
0.3312974080716119 0.24735426803054059 -0.4399040478390991
0.4881223424238318 -0.37872639271746467 0.7808260572952233
-0.37416345603390916 0.7078047165069884 0.13423920372393935
0.08101672068645113 -0.2998311631261423 0.10735896780982525
-0.13788302220925092 -0.6875798862370031 -0.6140323364830134
-0.2555855139335497 0.7295994113472738 0.38003954008911506
-0.717467604146963 -0.17160038203494604 -0.3727434008663527
-0.19962627702748625 -0.523042200773798 -0.39090770361107663
0.21620026911828064 -0.21631209950878677 0.6265535875390468
0.2522818100993705 -0.5413504170921644 -0.45259730455914005
0.1207775744400182 -0.876991398202798 -0.37105518843581137
-0.5661207264911603 -0.12063890987310773 0.44640914499303463
0.08827969647662849 -0.539279526807464 0.641298122869216
0.6139501318202064 0.24011931708864057 -0.11549065082193513
-0.42786419632688083 0.38452701027374214 0.11368178057589967
0.44151295655222544 -0.27223233493648097 0.39440150036714083
0.38712238294259743 -0.2521159847682831 0.5052420060193915
0.6198475915586141 0.6623467336956607 -0.18869331898962466
0.39497608919594956 -0.3042740704264479 0.502727846710756
0.025670556443587973 0.2252095216670858 0.22794041649223504
0.2294743245713143 -0.666552781855491 0.5150102468702495
-0.6174048834097811 0.26511073515829886 0.6401185298965714
0.5273667230780443 0.7634923503207287 0.3141458524280096
0.3654560318295893 -0.9053985312744843 -0.01358969636479436
0.06772254554038566 0.787896053539875 -0.200093518534385
0.0011217069985791682 0.4000183415986863 0.35519974549721367
0.31853302089199476 -0.3613161940893111 -0.832729072354353
0.18908702960634818 -0.32631171330534015 0.5668150826115245
-0.39759658233789563 -0.157261169567468 -0.5977587100846894
0.15033431741848302 -0.09535810159447294 -0.13896315901166792
0.22749211441183492 0.36713539111130544 -0.3726371847312832
-0.2248676879283673 0.2855141869458454 -0.8770442574586464
-0.0005858811133186548 0.04478625251777377 0.5262428417861725
0.5428744704595952 0.41747031468217827 -0.28408783073365024
0.697081927613234 -0.10853731073863623 -0.58274756265783
0.3272273435164664 -0.10799590150342486 -0.14278702203941093
0.32568854154367777 -0.49757688282964807 0.46614033977214775
0.21223214617412012 -0.6602206918238949 0.0180906811624037
-0.17011546881851464 0.2545145394703042 0.5890365665908922
0.4878032496008392 -0.045780997836177784 0.17510794291698034
0.08105667316299449 -0.528298723663981 0.8204397469912371
0.15300593330296905 -0.696795471452053 0.5506448901207223
-0.203535623462832 0.4286155194116475 0.8272407123895832
-0.545846169280983 -0.22844056115069833 -0.04789597844279209
0.6378624407450179 -0.5996627268928579 0.19075587657487156
-0.33023143390976845 0.3568234530333683 0.7278856620263828
0.35371487268569435 -0.17935653276096394 0.36897317208933034
0.4218188196826346 0.5263289100094364 -0.2391589709496011
0.46559430924543604 0.28611137232677336 -0.30522339596378634
0.2362222824966152 0.3337227743356118 0.41870878492056973
-0.41079410792774196 -0.23869169943806576 0.5330675631915227
0.4036586130832779 -0.005979980486079384 0.6044254329443782
-0.1226588839774066 -0.5115815402162122 0.45417366630280964
0.26667279708718145 0.2523323072640167 0.5090463416463861
-0.8581268019961206 -0.21346344853580315 -0.14204327379384962
-0.04161017598998838 -0.6493592609229697 0.4872896962114908
-0.8787020079815142 0.3481867151723476 0.17907461431724622
-0.5904878361915334 0.3651571217936249 0.07117159932165039
0.40465024043221404 0.8516756324721905 -0.06289100942515724
-0.6659939063966193 -0.6677417596389056 -0.12893642236652236
0.1176031784202351 -0.9170365712193823 0.36228427596769114
-0.4611406923311808 0.03545707367838 -0.16033009008424776
-0.804907495177092 -0.018933844284635903 -0.2526073262270938
-0.003839495363446127 0.3535651118804867 -0.8283700710515375
0.14339922575518366 0.4969340553987737 -0.32711347463492885
-0.5353149360770217 -0.19325533151268967 0.733199633460929
0.3590909015567161 -0.40413386925797 0.5081407960254448
-0.5426798150494871 -0.6193750781068891 0.10746832622706388
-0.24816848048481446 -0.6882199135875217 -0.058369976023797836
-0.08030975494967625 0.5541398780725327 -0.6899370953308958
-0.17845881507067166 0.9293974501705253 -0.3171741733537262
0.26497901660250744 -0.44750422998977796 0.4414764898205486
0.12207685098566434 -0.22612869437434513 -0.8714200163053164
0.21046399529090545 -0.6538443987431396 0.5998160810140858
-0.2948982578970278 0.5644795028348338 -0.08334633173450966
-0.8854446068073621 0.21753666491388962 0.32925731055081436
0.2763374250789205 -0.6492451249254653 0.38326476991507274
-0.040391307036249706 0.294720310936881 -0.25404199817920425
0.027989610697438848 0.6936937729126651 0.09257891678553092
-0.40508026608718417 0.6132323518093731 -0.2046416407366506
0.37354150695394944 0.22375780102407306 -0.32922479496445906
-0.19873776152278438 -0.8253683103084145 -0.22226473199510968
-0.04837264779748807 0.770713382108839 -0.3166621137830553
0.8270492771925066 0.23215498805679705 -0.22681414241706216
-0.07337394885495274 0.1857771899632346 0.34406849465787737
-0.8051828037289875 -0.18308618633981844 0.5189402793927435
0.6445341017358952 0.18417131527301148 -0.2832258333121693
-0.7172285092638029 -0.05392910539876957 0.35822882002243484
0.8781139042295946 0.17558064947224095 -0.39594568193123253
-0.19717729622276153 -0.30887510765653164 0.27488370907252907
0.6521593284373179 0.349337014037578 0.3043563913276111
0.05759876365859123 -0.49747916278823806 0.3075815144494907
0.6297578835059318 0.053367957328382516 -0.0023318703543379555
0.02330407107585008 0.19491256742857868 -0.5824236799960124
-0.006225396727811441 0.15808804758144357 0.34949109991321914
0.19877478505194965 -0.8439891644467274 0.2825885859511875
0.3563945560597792 -0.23618553021446054 0.45874433153257654
0.08089697250659329 0.10294089367714503 0.9855696544372448
-0.01795525984228619 -0.26653406907109506 -0.5712904221279894
0.4672261228925957 -0.629908538039921 -0.37835143145380246
-0.8985495186024736 -0.010875272966581064 -0.3024341104431352
0.10127997406042455 -0.01385846245912246 -0.13880076223081156
-0.06687224993339799 0.714048574142891 0.010283155671367302
-0.6367673382084772 0.2983624054842857 0.03678199215514963
-0.24359638587929314 0.27054108896208884 0.26191305862884273
-0.06170477817876594 0.285224204862875 -0.2023071304573698
-0.20947402730847034 -0.32843981732978506 -0.8251028713918684
0.643499628986966 -0.18790160220910126 -0.6530388313836262
0.07874768002195999 -0.42913988249228857 0.7576029205299245
0.7534969111731934 -0.19740813971247476 -0.3599933703932312
0.11487887855517766 -0.7364700698822609 0.4029693319889565
0.5504364991131356 0.7213425355984392 -0.2308834921782935
-0.12742345320334597 0.47573703372777953 0.8027779942438341
-0.49086872024559075 0.06718889120249329 0.8041440465267249
0.013044803451764496 0.751141684212367 0.35507625721475355
0.29644651553267454 -0.21740126349740496 0.4481411162274592
-0.8305207920664144 -0.2776301789030309 -0.19008194465565822
0.7222235454260716 -0.19178019050913805 -0.4813520580821755
-0.1850721256044546 -0.3722188738449179 0.09912631121971006
-0.25181803795852037 0.7962401003661311 -0.17257034739114854
-0.6321459968122437 0.13422320337922727 -0.41665906872074393
0.8265318988081213 -0.4393264650526975 0.27997013669150356
0.046630083237635546 -0.29289062013337347 0.22833412446307236
-0.06263215566739491 0.23349175156305463 0.3091019693308937
0.1173779887689724 0.11649035583771278 -0.6468641630352765
0.8861019462146377 0.15151247015754302 -0.06012698615984162
0.5148290239932306 0.3266805138854868 0.476342049854057
0.6003289932772286 -0.6913430303454037 -0.1868734819887274
-0.19477737251056287 -0.3315772591417049 0.29428615965132415
-0.7099104337444195 0.33734447333068784 0.6113376059313066
0.14899268338994606 0.49896979549503406 -0.06513488746700095
-0.6205079330883171 -0.04633008667519739 -0.12142848582662032
0.44997356229913577 -0.44155733345383025 -0.2613802596513619
0.14968574193415207 0.14413428174308873 0.1663447128912268
0.39178766622617267 -0.4523755454415868 -0.7942284998354394
0.5944165174349424 0.522374319747358 0.03535997732959107
0.0010512821863691668 0.12044348453489677 -0.902784814866105
0.1621552631136039 -0.1402545634947818 0.4745746598160148
0.15469012215036493 0.7050128158782636 0.22306501891557232
0.018363866333944833 0.9097548392366345 -0.062090879134345286
0.3699383811737326 0.25532258420530896 0.274988378166878
0.5595111101530892 0.45760792927867416 0.5742481624544818
0.11289438366693806 0.07983904617353194 -0.1764154689820099
0.8112578273371801 0.4809939685161446 -0.02076709375226011
-0.6678858753691135 -0.22356456095956906 -0.3144452408041639
-0.5222984666029624 -0.18626261316192463 0.6236864942312573
-0.590260887582512 0.4361065333564609 -0.22155716024971497
-0.38730955616905977 -0.2436162877256533 0.5322698344577024
0.010552474795458575 -0.3343726857085141 -0.3644616941691691
0.6535044692654685 0.31410206371884913 -0.03817518336605047
-0.6039097379646018 -0.5208471533411825 -0.5595741620876876
0.4316975956363321 0.7173805811335044 -0.23036800022482926
0.5880632826625151 0.20276580394585833 0.6307090038393265
0.7168851323802828 -0.15674753841198555 0.32795594687479346
0.7186303121997776 0.5207867477839566 -0.165263473122496
0.7557174299756517 0.1144614600557844 -0.14334899754472982
-0.6204631878428438 0.13311525792886983 0.03908718651376701
-0.16418323002065893 0.40293355785177154 -0.8652348413147406
0.7089345556293946 -0.36705649775995897 0.20986915289745592
0.4305731030251674 0.20628886286323292 0.005143810066873354
0.5619157235376065 0.38099578071306145 -0.04242097710470615
0.2620029139873629 -0.7788492612959022 -0.4248424855225143
-0.29407886265872746 -0.7357658464091987 -0.5418603993312652
-0.3262358955362526 0.9231445383830498 -0.14783726339218406
0.3229167172242252 -0.3101225649172161 0.35359862926790986
0.5672991143139801 0.3591754826175508 0.1066652938189396
-0.30609275066169794 -0.00667098412317554 -0.9357744023124546
-0.4575025629008927 0.4014404409967835 -0.3295899060941694
0.8506045317824377 0.2968852318970853 -0.0022987804322290063
-0.1628538051078898 0.19351520102604428 0.4549032299168947
0.4264544978521645 -0.5504181147754448 0.33517399706660395
0.6669057842544919 -0.07135621515058 0.6150821913456487
0.8140311857159294 -0.3592364596735266 -0.3643998776462221
-0.5430723808497102 0.054084534779112604 0.15194170965713727
-0.8872701378951878 0.3238011690909949 0.30174491375163676
-0.06181501154055441 -0.20778092540092258 -0.15018712002251025
-0.517571648837521 -0.5578468623996581 -0.025157895926814212
-0.03388984609889635 -0.07134969952169089 0.2509938335732844
0.2152021973615299 0.17487784663989955 -0.7906360025433461
-0.22145002601884478 -0.10807723100778584 0.7937762448632532
0.0650750404437556 0.0695776575195737 -0.7024189352420366
-0.08712131341021866 -0.7772756382817476 -0.3121836503977855
0.03862412922616324 0.1158973580050184 -0.21792102400769794
-0.5711831516926088 0.1577559153861713 -0.00025686954530319193
0.49953328357424415 0.21889692006330316 -0.788642636944564
0.4679592095577551 0.2337320804503233 -0.5789146429777953
0.7377071129759544 -0.08583051786119272 0.43434070940119424
-0.40825674580885535 -0.018080582170422785 -0.2634770522075184
-0.09330717276375537 0.7890980374236691 0.17580921893027077
-0.047192214960477735 0.5768371069272402 0.5518927085126276
-0.39839049215435735 -0.7316887631540758 -0.4629028421528341
-0.22101969223510776 -0.41805095884707355 0.2574172415822426
-0.09794287261917885 0.8021209584661543 0.2774578104852326
-0.33653106677310535 0.048587578934939805 0.5325373172512905
0.4256397780918515 0.1712102146947725 0.21973207557028696
0.5738496789088308 0.4202862096372417 -0.29875480185946685
0.3025457163218822 -0.7999369087810437 -0.11252519441767299
-0.266811602148628 -0.012241441921502373 -0.1139411095130152
0.3299864580832963 -0.07463745471666217 0.13626870583194986
-0.2447940794755002 -0.5856572222836876 0.684593197325541
-0.3376509411716465 0.22593056705504902 0.3476859480732371
0.7344740067998498 0.11164936895449692 0.14386211840616067
0.17124442153599698 -0.5736703349916769 0.3362670619691166
-0.5763106046253715 0.6348791159568322 0.07010057604938125
0.0033640755935163986 -0.31120012061227664 -0.185922613944882
-0.6574907566904374 -0.07005733900514449 0.09078293705539765
0.16128767266690106 -0.44856692900794654 -0.7757144250887174
-0.17842216468616942 0.5701515534146498 0.43313253199448126
-0.2788189687169883 -0.23786222532032808 0.014550088936374321
0.5575753031821226 -0.3460501230640342 0.5488755856177281
0.5247366418616873 -0.31046469601493376 -0.06630556504477249
0.16307296269745006 0.3314953903703851 -0.6336147310522157
-0.17054869933979333 -0.009159323132064565 -0.27215763236234347
-0.41222661624098883 -0.5964759619479155 0.5228147362727475
0.35038072051617153 0.3536615043837055 -0.01761100011885299
0.22049490578787784 0.27800211336471875 0.09852473437531374
0.19279704145445742 0.5720724395318679 0.2295465904558892
0.35871485240492496 0.1802324671487262 -0.8463684920755482
-0.1746293695956011 0.10906289487408938 -0.6418631802186339
0.8193628017174542 -0.043577952819684934 0.3677193799824585
0.024887092833316537 -0.8944224894086781 -0.38842571149712773
0.2717265429286442 -0.37744265872180044 0.10728406040651878
0.2789497617365521 0.023570805019114717 0.7155347458625502
-0.1441433948066919 -0.23841238839416465 -0.6670664558222816
0.21566321006084252 -0.5617202481008526 -0.6930634064406995
-0.033638138795822496 -0.8253548295753755 -0.5428107375736001
0.0806386640504503 0.014735221756826776 0.1903632187807392
-0.7555330355102874 0.41786006802438197 -0.22266878239757443
0.28244374425189295 0.6600496643224238 0.2379934239617002
-0.9456298874681298 -0.2044912151062298 0.07028943569553156
-0.7049538375935637 -0.02006948464377073 -0.1569170522354666
0.27419955309928923 -0.4413725116527834 -0.5596815516683062
0.36135101672557757 -0.15304560636493345 -0.6240832975984973
0.7244309475526716 -0.08333564812707904 0.15855869129120995
-0.6765378748749845 0.061913213825205135 -0.5344847211895986
0.7022879672281006 -0.22346183101286196 0.6551798700366293
0.1036959208674016 0.7501151625512137 -0.08625804424631783
-0.9166485204583554 0.08450898933099474 -0.241449085276224
0.5772027740141881 0.005535247430475575 0.7248323477420453
0.11815447528403125 0.6538178272468838 0.23804965250392218
-0.39595289308763826 0.5658524167846983 0.5116182385270824
-0.6301828469037565 -0.4188471600749891 0.4478142995830545
0.19728988898483826 -0.49680392642705623 0.730726159584972
0.8472942147884015 -0.43568184029718615 0.17481614430393802
0.7143551175735492 -0.02831584109640997 0.5025807468295306
0.282862316691792 0.33380494881600153 -0.2537153674366279
0.22544773705294785 0.09336191685641546 0.5056166529084487
-0.37350985522704233 0.5435464502621083 -0.5221988214320206
0.24939692706058508 -0.8809299918813346 -0.2804461595634612
-0.02624495463051296 0.6294240050249339 -0.16193832566202873
-0.25823673238723166 0.11426752192876441 0.912807889627087
0.22047295156805352 -0.7547893974323129 -0.6154554132409996
-0.3200925777846026 0.7459440483036404 0.4303422486369493
0.3286098428177967 -0.8295012218442531 -0.23135198626083714
-0.39456975012815626 0.34244100467658806 -0.05504662393531752
-0.19564149687286658 -0.16698000669064939 0.34543560279500196
0.10063362408567059 -0.11819964013338302 0.8325667100472182
0.4675350424239983 0.6111421037188243 -0.2625898615726481
-0.7831638119260662 0.1808459097819658 0.2172696633403246
-0.3128823901960769 -0.2908018116741926 -0.4334006462070205
-0.9542975883205802 0.1804847299838821 0.1672254179381148
-0.6459447194973188 -0.010479007038314104 -0.08681788360056217
-0.6050714567417247 -0.589459475099257 -0.037783040259440445
0.827179762997596 -0.05952497012660556 0.16465146721720791
0.5180883205440061 -0.292209860254146 0.24785387295140307
-0.31051531091774603 0.6402508198570382 -0.6593563788399497
-0.2955915315895221 -0.15978717574012685 -0.6454657570976237
-0.0033905576348619276 0.323500551016993 -0.6894562960073547
0.03479242595580556 -0.23371621271189286 0.03972371981111334
-0.5001148497026984 0.25940474676822073 0.6997175049468561
-0.41779035384078583 0.29015388013335724 0.719315460222654
-0.03855343065622267 0.9003024774660185 -0.38816730466173355
0.2984372296723122 0.7476461528413392 -0.25206381791303234
0.3736722457387961 -0.029944555175362535 0.40514255943482047
-0.7523777421798247 0.03894525064972065 0.5826669075192398
0.4899300663541069 0.3920883603107129 -0.5948085962573778
-0.60686422199561 -0.02596129588935326 0.6234847030912143
0.26040189619792214 -0.399099886801479 0.4585463941489013
-0.7286497848408175 -0.5788871786370213 -0.36350650006258217
0.36802269322279774 0.36125104067677766 0.433707021757211
-0.06458625193891672 0.03538710678497993 0.5335465761773572
0.7830258415047646 0.12898379209196975 0.2027562039576352
0 0 0
0 0 0
0 0 0
0 0 0
0 0 0
0 0 0
0 0 0
0 0 0
0 0 0
0 0 0
0 0 0
0 0 0
0 0 0
0 0 0
0 0 0
0 0 0
0 0 0
0 0 0
0 0 0
0 0 0
0 0 0
0 0 0
0 0 0
0 0 0
0 0 0
0 0 0
0 0 0
0 0 0
0 0 0
0 0 0
0 0 0
0 0 0
0 0 0
0 0 0
0 0 0
0 0 0
0 0 0
0 0 0
0 0 0
0 0 0
0 0 0
0 0 0
0 0 0
0 0 0
0 0 0
0 0 0
0 0 0
0 0 0
0 0 0
0 0 0
0 0 0
0 0 0
0 0 0
0 0 0
0 0 0
0 0 0
0 0 0
0 0 0
0 0 0
0 0 0
0 0 0
0 0 0
0 0 0
0 0 0
0 0 0
0 0 0
0 0 0
0 0 0
0 0 0
0 0 0
0 0 0
0 0 0
0 0 0
0 0 0
0 0 0
0 0 0
0 0 0
0 0 0
0 0 0
0 0 0
0 0 0
0 0 0
0 0 0
0 0 0
0 0 0
0 0 0
0 0 0
0 0 0
0 0 0
0 0 0
0 0 0
0 0 0
0 0 0
0 0 0
0 0 0
0 0 0
0 0 0
0 0 0
0 0 0
0 0 0
0 0 0
0 0 0
0 0 0
0 0 0
0 0 0
0 0 0
0 0 0
0 0 0
0 0 0
0 0 0
0 0 0
0 0 0
0 0 0
0 0 0
0 0 0
0 0 0
0 0 0
0 0 0
0 0 0
0 0 0
0 0 0
0 0 0
0 0 0
0 0 0
0 0 0
0 0 0
0 0 0
0 0 0
0 0 0
0 0 0
0 0 0
0 0 0
0 0 0
0 0 0
0 0 0
0 0 0
0 0 0
0 0 0
0 0 0
0 0 0
0 0 0
0 0 0
0 0 0
0 0 0
0 0 0
0 0 0
0 0 0
0 0 0
0 0 0
0 0 0
0 0 0
0 0 0
0 0 0
0 0 0
0 0 0
0 0 0
0 0 0
0 0 0
0 0 0
0 0 0
0 0 0
0 0 0
0 0 0
0 0 0
0 0 0
0 0 0
0 0 0
0 0 0
0 0 0
0 0 0
0 0 0
0 0 0
0 0 0
0 0 0
0 0 0
0 0 0
0 0 0
0 0 0
0 0 0
0 0 0
0 0 0
0 0 0
0 0 0
0 0 0
0 0 0
0 0 0
0 0 0
0 0 0
0 0 0
0 0 0
0 0 0
0 0 0
0 0 0
0 0 0
0 0 0
0 0 0
0 0 0
0 0 0
0 0 0
0 0 0
0 0 0
0 0 0
0 0 0
0 0 0
0 0 0
0 0 0
0 0 0
0 0 0
0 0 0
0 0 0
0 0 0
0 0 0
0 0 0
0 0 0
0 0 0
0 0 0
0 0 0
0 0 0
0 0 0
0 0 0
0 0 0
0 0 0
0 0 0
0 0 0
0 0 0
0 0 0
0 0 0
0 0 0
0 0 0
0 0 0
0 0 0
0 0 0
0 0 0
0 0 0
0 0 0
0 0 0
0 0 0
0 0 0
0 0 0
0 0 0
0 0 0
0 0 0
0 0 0
0 0 0
0 0 0
0 0 0
0 0 0
0 0 0
0 0 0
0 0 0
0 0 0
0 0 0
0 0 0
0 0 0
0 0 0
0 0 0
0 0 0
0 0 0
0 0 0
0 0 0
0 0 0
0 0 0
0 0 0
0 0 0
0 0 0
0 0 0
0 0 0
0 0 0
0 0 0
0 0 0
0 0 0
0 0 0
0 0 0
0 0 0
0 0 0
0 0 0
0 0 0
0 0 0
0 0 0
0 0 0
0 0 0
0 0 0
0 0 0
0 0 0
0 0 0
0 0 0
0 0 0
0 0 0
0 0 0
0 0 0
0 0 0
0 0 0
0 0 0
0 0 0
0 0 0
0 0 0
0 0 0
0 0 0
0 0 0
0 0 0
0 0 0
0 0 0
0 0 0
0 0 0
0 0 0
0 0 0
0 0 0
0 0 0
0 0 0
0 0 0
0 0 0
0 0 0
0 0 0
0 0 0
0 0 0
0 0 0
0 0 0
0 0 0
0 0 0
0 0 0
0 0 0
0 0 0
0 0 0
0 0 0
0 0 0
0 0 0
0 0 0
0 0 0
0 0 0
0 0 0
0 0 0
0 0 0
0 0 0
0 0 0
0 0 0
0 0 0
0 0 0
0 0 0
0 0 0
0 0 0
0 0 0
0 0 0
0 0 0
0 0 0
0 0 0
0 0 0
0 0 0
0 0 0
0 0 0
0 0 0
0 0 0
0 0 0
0 0 0
0 0 0
0 0 0
0 0 0
0 0 0
0 0 0
0 0 0
0 0 0
0 0 0
0 0 0
0 0 0
0 0 0
0 0 0
0 0 0
0 0 0
0 0 0
0 0 0
0 0 0
0 0 0
0 0 0
0 0 0
0 0 0
0 0 0
0 0 0
0 0 0
0 0 0
0 0 0
0 0 0
0 0 0
0 0 0
0 0 0
0 0 0
0 0 0
0 0 0
0 0 0
0 0 0
0 0 0
0 0 0
0 0 0
0 0 0
0 0 0
0 0 0
0 0 0
0 0 0
0 0 0
0 0 0
0 0 0
0 0 0
0 0 0
0 0 0
0 0 0
0 0 0
0 0 0
0 0 0
0 0 0
0 0 0
0 0 0
0 0 0
0 0 0
0 0 0
0 0 0
0 0 0
0 0 0
0 0 0
0 0 0
0 0 0
0 0 0
0 0 0
0 0 0
0 0 0
0 0 0
0 0 0
0 0 0
0 0 0
0 0 0
0 0 0
0 0 0
0 0 0
0 0 0
0 0 0
0 0 0
0 0 0
0 0 0
0 0 0
0 0 0
0 0 0
0 0 0
0 0 0
0 0 0
0 0 0
0 0 0
0 0 0
0 0 0
0 0 0
0 0 0
0 0 0
0 0 0
0 0 0
0 0 0
0 0 0
0 0 0
0 0 0
0 0 0
0 0 0
0 0 0
0 0 0
0 0 0
0 0 0
0 0 0
0 0 0
0 0 0
0 0 0
0 0 0
0 0 0
0 0 0
0 0 0
0 0 0
0 0 0
0 0 0
0 0 0
0 0 0
0 0 0
0 0 0
0 0 0
0 0 0
0 0 0
0 0 0
0 0 0
0 0 0
0 0 0
0 0 0
0 0 0
0 0 0
0 0 0
0 0 0
0 0 0
0 0 0
0 0 0
0 0 0
0 0 0
0 0 0
0 0 0
0 0 0
0 0 0
0 0 0
0 0 0
0 0 0
0 0 0
0 0 0
0 0 0
0 0 0
0 0 0
0 0 0
0 0 0
0 0 0
0 0 0
0 0 0
0 0 0
0 0 0
0 0 0
0 0 0
0 0 0
0 0 0
0 0 0
0 0 0
0 0 0
0 0 0
0 0 0
0 0 0
0 0 0
0 0 0
0 0 0
0 0 0
0 0 0
0 0 0
0 0 0
0 0 0
0 0 0
0 0 0
0 0 0
0 0 0
0 0 0
0 0 0
0 0 0
0 0 0
0 0 0
0 0 0
0 0 0
0 0 0
0 0 0
0 0 0
0 0 0
0 0 0
0 0 0
0 0 0
0 0 0
0 0 0
0 0 0
0 0 0
0 0 0
0 0 0
0 0 0
0 0 0
0 0 0
0 0 0
0 0 0
0 0 0
0 0 0
0 0 0
0 0 0
0 0 0
0 0 0
0 0 0
0 0 0
0 0 0
0 0 0
0 0 0
0 0 0
0 0 0
0 0 0
0 0 0
0 0 0
0 0 0
0 0 0
0 0 0
0 0 0
0 0 0
0 0 0
0 0 0
0 0 0
0 0 0
0 0 0
0 0 0
0 0 0
0 0 0
0 0 0
0 0 0
0 0 0
0 0 0
0 0 0
0 0 0
0 0 0
0 0 0
0 0 0
0 0 0
0 0 0
0 0 0
0 0 0
0 0 0
0 0 0
0 0 0
0 0 0
0 0 0
0 0 0
0 0 0
0 0 0
0 0 0
0 0 0
0 0 0
0 0 0
0 0 0
0 0 0
0 0 0
0 0 0
0 0 0
0 0 0
0 0 0
0 0 0
0 0 0
0 0 0
0 0 0
0 0 0
0 0 0
0 0 0
0 0 0
0 0 0
0 0 0
0 0 0
0 0 0
0 0 0
0 0 0
0 0 0
0 0 0
0 0 0
0 0 0
0 0 0
0 0 0
0 0 0
0 0 0
0 0 0
0 0 0
0 0 0
0 0 0
0 0 0
0 0 0
0 0 0
0 0 0
0 0 0
0 0 0
0 0 0
0 0 0
0 0 0
0 0 0
0 0 0
0 0 0
0 0 0
0 0 0
0 0 0
0 0 0
0 0 0
0 0 0
0 0 0
0 0 0
0 0 0
0 0 0
0 0 0
0 0 0
0 0 0
0 0 0
0 0 0
0 0 0
0 0 0
0 0 0
0 0 0
0 0 0
0 0 0
0 0 0
0 0 0
0 0 0
0 0 0
0 0 0
0 0 0
0 0 0
0 0 0
0 0 0
0 0 0
0 0 0
0 0 0
0 0 0
0 0 0
0 0 0
0 0 0
0 0 0
0 0 0
0 0 0
0 0 0
0 0 0
0 0 0
0 0 0
0 0 0
0 0 0
0 0 0
0 0 0
0 0 0
0 0 0
0 0 0
0 0 0
0 0 0
0 0 0
0 0 0
0 0 0
0 0 0
0 0 0
0 0 0
0 0 0
0 0 0
0 0 0
0 0 0
0 0 0
0 0 0
0 0 0
0 0 0
0 0 0
0 0 0
0 0 0
0 0 0
0 0 0
0 0 0
0 0 0
0 0 0
0 0 0
0 0 0
0 0 0
0 0 0
0 0 0
0 0 0
0 0 0
0 0 0
0 0 0
0 0 0
0 0 0
0 0 0
0 0 0
0 0 0
0 0 0
0 0 0
0 0 0
0 0 0
0 0 0
0 0 0
0 0 0
0 0 0
0 0 0
0 0 0
0 0 0
0 0 0
0 0 0
0 0 0
0 0 0
0 0 0
0 0 0
0 0 0
0 0 0
0 0 0
0 0 0
0 0 0
0 0 0
0 0 0
0 0 0
0 0 0
0 0 0
0 0 0
0 0 0
0 0 0
0 0 0
0 0 0
0 0 0
0 0 0
0 0 0
0 0 0
0 0 0
0 0 0
0 0 0
0 0 0
0 0 0
0 0 0
0 0 0
0 0 0
0 0 0
0 0 0
0 0 0
0 0 0
0 0 0
0 0 0
0 0 0
0 0 0
0 0 0
0 0 0
0 0 0
0 0 0
0 0 0
0 0 0
0 0 0
0 0 0
0 0 0
0 0 0
0 0 0
0 0 0
0 0 0
0 0 0
0 0 0
0 0 0
0 0 0
0 0 0
0 0 0
0 0 0
0 0 0
0 0 0
0 0 0
0 0 0
0 0 0
0 0 0
0 0 0
0 0 0
0 0 0
0 0 0
0 0 0
0 0 0
0 0 0
0 0 0
0 0 0
0 0 0
0 0 0
0 0 0
0 0 0
0 0 0
0 0 0
0 0 0
0 0 0
0 0 0
0 0 0
0 0 0
0 0 0
0 0 0
0 0 0
0 0 0
0 0 0
0 0 0
0 0 0
0 0 0
0 0 0
0 0 0
0 0 0
0 0 0
0 0 0
0 0 0
0 0 0
0 0 0
0 0 0
0 0 0
0 0 0
0 0 0
0 0 0
0 0 0
0 0 0
0 0 0
0 0 0
0 0 0
0 0 0
0 0 0
0 0 0
0 0 0
0 0 0
0 0 0
0 0 0
0 0 0
0 0 0
0 0 0
0 0 0
0 0 0
0 0 0
0 0 0
0 0 0
0 0 0
0 0 0
0 0 0
0 0 0
0 0 0
0 0 0
0 0 0
0 0 0
0 0 0
0 0 0
0 0 0
0 0 0
0 0 0
0 0 0
0 0 0
0 0 0
0 0 0
0 0 0
0 0 0
0 0 0
0 0 0
0 0 0
0 0 0
0 0 0
0 0 0
0 0 0
0 0 0
0 0 0
0 0 0
0 0 0
0 0 0
0 0 0
0 0 0
0 0 0
0 0 0
0 0 0
0 0 0
0 0 0
0 0 0
0 0 0
0 0 0
0 0 0
0 0 0
0 0 0
0 0 0
0 0 0
0 0 0
0 0 0
0 0 0
0 0 0
0 0 0
0 0 0
0 0 0
0 0 0
0 0 0
0 0 0
0 0 0
0 0 0
0 0 0
0 0 0
0 0 0
0 0 0
0 0 0
0 0 0
0 0 0
0 0 0
0 0 0
0 0 0
0 0 0
0 0 0
0 0 0
0 0 0
0 0 0
0 0 0
0 0 0
0 0 0
0 0 0
0 0 0
0 0 0
0 0 0
0 0 0
0 0 0
0 0 0
0 0 0
0 0 0
0 0 0
0 0 0
0 0 0
0 0 0
0 0 0
0 0 0
0 0 0
0 0 0
0 0 0
0 0 0
0 0 0
0 0 0
0 0 0
0 0 0
0 0 0
0 0 0
0 0 0
0 0 0
0 0 0
0 0 0
0 0 0
0 0 0
0 0 0
0 0 0
0 0 0
0 0 0
0 0 0
0 0 0
0 0 0
0 0 0
