100
0
0.01 0.37574470398711046 0.22362617174099736 0.2868785026341147 0 0 0
0.01 0.04611591886525871 0.1663567209135423 0.3494390894909482 0 0 0
0.01 -0.08634921681152538 0.008245065521419554 0.6558490868938355 0 0 0
0.01 -0.4281157602711666 0.19144412634756253 0.2624793364592474 0 0 0
0.01 -0.6363925910462171 0.03215424233856235 -0.0545849371180403 0 0 0
0.01 -0.5281440264743013 -0.03889843073471984 0.28482640979236606 0 0 0
0.01 0.47511988739280897 -0.22094935783702713 -0.3264450335680816 0 0 0
0.01 -0.18253579364825698 0.37592338681076576 -0.2524375628806902 0 0 0
0.01 0.5453108928918089 -0.22381740133344097 -0.19207767383579846 0 0 0
0.01 -0.395810344897153 0.5201802707667338 0.0950314559851769 0 0 0
0.01 0.08224756119618046 0.5806893418335749 -0.09160410623704876 0 0 0
0.01 -0.16178195194869383 -0.3190287383167432 0.07436217846218043 0 0 0
0.01 -0.45754019713709027 0.3958312465906309 -0.1290707431545084 0 0 0
0.01 -0.25163766574577084 0.076712352498135 0.32857453631977535 0 0 0
0.01 0.5380196634191644 0.08746715020595947 0.030529693918632392 0 0 0
0.01 0.13050053073448512 -0.49158493886931964 -0.30098281386926207 0 0 0
0.01 0.3354025809170067 -0.5164878004021161 -0.11945320709068873 0 0 0
0.01 -0.2762413043956817 -0.02646367068573178 0.4474669069202872 0 0 0
0.01 -0.1724921789289997 -0.5792295488574614 0.25017663449924943 0 0 0
0.01 0.48139983226826655 -0.3202704675543587 0.33383044370817194 0 0 0
0.01 -0.3262539010392112 0.11387963426307762 -0.06471833338628163 0 0 0
0.01 -0.189152867630367 0.12822629689484105 0.43232428517172633 0 0 0
0.01 -0.43096079731423764 0.06609325060864475 0.24869278890900953 0 0 0
0.01 -0.002017072840775659 -0.12643913059321835 -0.4147378646533573 0 0 0
0.01 0.12274270595852659 0.5953698184716675 0.1274566669578311 0 0 0
0.01 -0.46126237987855156 -0.4384733776520492 -0.04681883585153772 0 0 0
0.01 -0.023142847844797493 0.30218277236835117 -0.3628256208873661 0 0 0
0.01 0.37761123938336916 0.15347741637427847 -0.09587147791603469 0 0 0
0.01 -0.04645210944893691 -0.17704871027681743 0.6329491750142054 0 0 0
0.01 0.3023338638560694 -0.01401604351063214 -0.14174880980961785 0 0 0
0.01 0.07154888968349704 -0.12467684732022263 0.1590182920194315 0 0 0
0.01 0.24004247540597437 0.2747996187469253 -0.05510282629076462 0 0 0
0.01 -0.292124598097012 -0.16992255006219043 -0.07693777044094244 0 0 0
0.01 -0.202392441290507 -0.4075803747930263 -0.02686265396032079 0 0 0
0.01 0.6205669530126354 -0.03307812034930689 0.2514886196100796 0 0 0
0.01 0.1665778785541795 -0.601143123107007 -0.07520545768713816 0 0 0
0.01 -0.04360434289806353 -0.06692994440073612 0.0025336314716191905 0 0 0
0.01 -0.2727688067577811 -0.11375920828598972 -0.4464190730832142 0 0 0
0.01 0.30473334621331244 -0.3825009303432412 -0.354093486327877 0 0 0
0.01 0.35259861371600587 -0.20933555540179777 -0.15720526238895094 0 0 0
0.01 -0.0787488143154315 0.37427542797739527 -0.29471128787539885 0 0 0
0.01 -0.10346974260896705 0.39892921241323076 -0.49427351468835384 0 0 0
0.01 0.3296604575888247 -0.104249545824278 0.10604523185503134 0 0 0
0.01 0.0678862410860544 -0.20854905106984856 -0.5450559846598768 0 0 0
0.01 0.011794056271550625 -0.5977964497684378 -0.21186739879278196 0 0 0
0.01 0.24989086245123188 0.21358250132475448 0.5959823768004295 0 0 0
0.01 -0.018304528810295952 0.23249974307502227 -0.29221924500920066 0 0 0
0.01 -0.0682333987961654 0.1327488214593434 0.44051398065630104 0 0 0
0.01 -0.4158387899149496 -0.003699657008402637 0.35894269913113713 0 0 0
0.01 -0.42255104972949614 0.4677467089325674 -0.006374263216491298 0 0 0
0.01 0.33283881683689814 -0.20554324964174472 0.35594504957273465 0 0 0
0.01 -0.0006402998782391843 0.010628726408745367 -0.07084974115606216 0 0 0
0.01 0.2832746929014732 0.5598036824698347 0.02931799873018453 0 0 0
0.01 -0.48121853250273255 -0.4914243840668729 -0.0489286376130424 0 0 0
0.01 -0.6159614097001633 0.11238683376636731 -0.2564215902148905 0 0 0
0.01 0.19667436182929066 0.052529320285277306 0.3895621095325677 0 0 0
0.01 -0.08764045351158094 -0.09604465394390464 0.2042469481017178 0 0 0
0.01 -0.22628959606446564 -0.19738320110086696 -0.10955264126398909 0 0 0
0.01 0.2744932415332877 -0.508211109561013 0.1890137407640337 0 0 0
0.01 0.493161475185763 0.34975636438180724 -0.19492180338890738 0 0 0
0.01 -0.3318427190084836 0.45644450898527095 0.12786220542228197 0 0 0
0.01 -0.20028392736046127 0.534744445498876 -0.353528156683432 0 0 0
0.01 0.1745944648123608 -0.5316878909880233 -0.20609422902924407 0 0 0
0.01 -0.26185538882167725 0.027390820814632958 -0.5342069269465958 0 0 0
0.01 0.49496194832375157 0.43916727495355184 0.19088693067610005 0 0 0
0.01 0.02191439999558639 -0.25572727117928823 0.5449941780172 0 0 0
0.01 0.3018921600909807 -0.15566946663798617 0.5462468684176496 0 0 0
0.01 0.15224925538523276 0.49751240702430555 0.01811145831739526 0 0 0
0.01 -0.096950151740896 -0.37435095825266895 0.03269907830526607 0 0 0
0.01 -0.21609547102026205 0.23689192727734598 0.27312506828104555 0 0 0
0.01 0.34022045516184946 -0.5228516677992076 0.12989329924669138 0 0 0
0.01 -0.418470801550283 0.39270072964215214 0.07316647734473586 0 0 0
0.01 -0.16129240567485648 0.26650831793551444 -0.2013035575166306 0 0 0
0.01 0.2682269429208967 0.011943599041687446 0.3605305404234845 0 0 0
0.01 -0.39356243777654787 -0.11400117173205031 -0.0727712430796071 0 0 0
0.01 0.007437497723697067 -0.019653841128101063 0.042139655131712965 0 0 0
0.01 0.21643694059561872 -0.08349478573795771 -0.3162787642685162 0 0 0
0.01 0.11065425423174192 0.4241816435261893 0.295729983350083 0 0 0
0.01 0.019754956600295415 0.24498938990524405 -0.470203650603718 0 0 0
0.01 0.2267423477000277 0.647960124746185 0.006076932873469115 0 0 0
0.01 -0.10948503809944127 0.6281711373443699 0.010627725877228556 0 0 0
0.01 0.44533183561671236 -0.2880247278191711 -0.08473808511171364 0 0 0
0.01 -0.09705165788740144 0.27009348360598623 -0.22274944879318104 0 0 0
0.01 -0.33878715811888677 0.43158878256520167 -0.06539629640129623 0 0 0
0.01 -0.1730138129133682 0.6642692108364578 -0.07555344797876241 0 0 0
0.01 -0.03562006947693553 -0.4355837166566481 0.3094197367634417 0 0 0
0.01 0.5072788892711604 -0.2348708317561946 0.08533019633884267 0 0 0
0.01 0.10572995745476024 -0.003778314283019585 -0.011498854226262727 0 0 0
0.01 -0.3762431912682535 -0.390270472926106 0.36608551236759174 0 0 0
0.01 -0.12349297310965673 0.21309223435333166 0.11951878254839465 0 0 0
0.01 -0.6095378260276331 0.1833977766482386 -0.1109069507246181 0 0 0
0.01 -0.10984933226558569 0.3579688375062243 -0.2724109727191426 0 0 0
0.01 0.3056943332016991 0.11490975654515555 0.10661870645684059 0 0 0
0.01 0.15296394830967552 -0.36361556405374285 0.22679943036674377 0 0 0
0.01 0.3549525603348564 0.33490263305418927 0.18041689350180307 0 0 0
0.01 -0.36434796860160146 0.05127069999875234 0.2965299453320621 0 0 0
0.01 -0.3639775575881383 -0.34038853957882453 -0.45395748015475557 0 0 0
0.01 -0.21986768688964115 0.25376323083232905 -0.550451427544654 0 0 0
0.01 -0.11340886987177576 0.011063380429079287 -0.38354498343061244 0 0 0
0.01 -0.16330931559967649 0.07550596524165396 0.5438694379075034 0 0 0
